RBP.name	GeneID	Essential.Genes	Splicing.regulation	Spliceosome	RNA.modification	X3..end.processing	rRNA.processing	Ribosome...basic.translation	RNA.stability...decay	microRNA.processing	RNA.localization	RNA.export	Translation.regulation	Viral.RNA.regulation	snoRNA...snRNA...telomerase	P.body...stress.granules	Novel.RBP	Nuclei	Nucleolus	Speckles	PML.bodies	Cytoplasm	Mitochondria	Golgi	P.bodies	StressGranule	ER	Cytoskeleton.Microtubule.Actin	Cell.Cortex	I	SS_I	SS_E	mRNA	AltSPl_RI	AltSPl_SE	LowGC	phastCons	AltSPl_SE_OSI	AltSPl_RI_OSI	AltSPl_SE_LI	AltSPl_RI_LI	I_OSI	SS_I_OSI	SS_E_OSI	I_LI	SS_I_LI	SS_E_LI	mRNA_OSI	mRNA_LI
PRPF8	ENSG00000174231	1	1	1	0	0	0	0	0	0	0	0	0	0	0	0	0	1	0	1	0	1	0	0	0	0	0	0	0	0	1	0	0	0	1	0	0	1	0	1	1	0	1	0	0	1	0	4	4
SF3B4	ENSG00000143368	1	0	1	0	0	0	0	0	0	0	0	0	0	0	0	0	1	0	1	0	1	0	0	0	0	0	0	0	0	1	0	3	1	1	0	0	1	1	1	1	0	1	0	0	1	0	3	2
AQR	ENSG00000021776	1	0	1	0	0	0	0	0	0	0	0	0	0	1	0	0	1	0	1	0	1	0	0	0	1	0	1	0	0	1	0	0	1	1	0	0	1	1	1	1	0	1	0	0	1	0	0	0
EFTUD2	ENSG00000108883	1	1	1	0	0	0	0	0	0	0	0	0	1	0	0	0	1	0	1	0	0	0	0	0	0	0	0	0	1	0	0	0	1	1	0	0	1	0	1	0	1	0	0	0	1	0	0	2
BUD13	ENSG00000137656	1	1	1	0	0	0	0	0	0	1	1	0	0	0	0	0	1	0	1	0	1	0	0	0	0	0	0	0	0	1	0	0	0	1	0	0	1	0	1	1	0	1	0	0	1	0	2	2
PPIG	ENSG00000138398	0	1	0	0	0	0	0	0	0	0	0	0	0	0	0	0	1	0	1	0	1	0	0	0	0	0	1	0	0	0	1	0	0	0	0	0	1	0	1	1	0	0	1	0	1	0	3	2
GRWD1	ENSG00000105447	1	0	0	0	0	0	0	0	0	0	0	0	0	0	0	1	1	1	1	0	1	0	0	0	0	0	0	0	0	0	1	0	0	0	0	0	0	0	1	1	0	0	1	0	1	0	0	2
U2AF2	ENSG00000063244	1	1	1	0	0	0	0	0	0	0	1	0	0	0	0	0	1	0	1	0	0	0	0	0	0	0	0	0	0	0	1	4	0	0	1	1	1	0	1	0	0	1	0	0	1	0	4	4
DICER	ENSG00000100697	0	0	0	0	0	0	0	0	1	0	0	0	1	0	0	0	1	0	0	0	1	0	0	1	0	1	0	0	1	0	0	0	0	0	0	0	0	0	0	0	1	0	0	0	1	0	0	0
UCHL5	ENSG00000116750	0	0	0	0	0	0	0	0	0	0	0	0	0	0	0	1	1	0	0	0	1	0	0	0	0	0	1	1	0	0	1	0	0	0	0	0	0	0	1	1	0	0	1	0	1	0	3	2
DDX24	ENSG00000089737	1	0	0	0	0	0	0	0	0	0	0	0	1	0	0	0	1	1	0	0	1	0	0	0	0	0	0	0	0	0	1	0	0	0	0	0	0	1	1	1	0	0	1	0	1	0	2	4
AGO	AGO	0	0	0	0	0	0	0	0	1	0	0	0	0	0	0	0	1	0	0	0	1	0	0	1	1	0	0	0	0	1	0	0	0	0	0	0	0	0	0	0	0	1	0	0	1	0	0	0
BCLAF1	ENSG00000029363	0	1	0	0	0	0	0	1	0	0	0	0	0	0	0	0	1	0	1	0	1	0	0	0	0	0	0	0	0	0	1	0	0	0	1	1	1	0	1	0	0	0	1	0	1	0	2	4
SF3A3	ENSG00000183431	1	0	1	0	0	0	0	0	0	0	0	0	0	0	0	0	1	0	1	0	1	0	0	0	0	0	0	0	0	1	0	2	0	1	0	0	1	1	1	0	0	1	0	0	1	0	4	4
ZNF622	ENSG00000173545	1	0	0	0	0	1	0	0	0	0	0	0	0	0	0	0	0	0	0	0	1	0	0	0	0	1	1	0	0	0	1	0	1	0	0	1	0	1	1	0	0	0	1	0	1	0	0	4
RBM22	ENSG00000086589	1	1	1	0	0	0	0	0	0	0	0	0	0	0	0	0	1	0	1	0	1	0	0	0	0	0	0	1	1	0	0	4	0	1	0	0	1	0	1	1	1	0	0	0	1	0	0	0
DDX3X	ENSG00000215301	0	0	0	0	0	0	0	0	0	0	0	1	1	0	0	0	0	0	0	0	1	0	0	0	1	0	0	0	0	0	1	0	0	0	0	0	1	0	1	1	0	0	1	0	1	0	2	2
KHSRP	ENSG00000088247	0	1	0	0	0	0	0	1	1	1	0	1	1	0	0	0	1	0	1	0	0	0	0	0	1	0	0	0	1	0	0	0	0	1	1	0	1	1	1	1	1	0	0	0	1	0	0	4
SMNDC1	ENSG00000119953	1	0	1	0	0	0	0	0	0	0	0	0	0	0	0	0	1	0	1	0	1	0	0	0	0	0	0	0	1	0	0	0	0	1	0	0	0	0	1	1	1	0	0	1	0	0	3	3
RBFOX2	ENSG00000100320	0	1	0	0	0	0	0	0	1	0	0	0	0	0	0	0	1	0	1	0	1	1	0	0	1	0	0	0	1	0	0	0	1	0	0	0	0	0	1	0	1	0	0	1	0	0	2	2
LIN28B	ENSG00000187772	0	0	0	1	0	0	0	1	1	0	0	0	0	0	0	0	1	1	0	0	1	0	0	0	1	0	0	0	0	0	1	0	1	1	0	0	1	1	1	0	0	0	1	0	1	0	2	2
RPS3	ENSG00000149273	1	0	0	0	0	0	1	0	0	0	0	1	0	0	0	0	0	0	0	0	1	0	0	0	1	0	0	0	0	0	1	0	1	1	0	0	1	1	1	1	0	0	1	0	1	0	0	0
SRSF1	ENSG00000136450	1	1	0	0	0	0	0	0	0	0	0	0	1	0	0	0	1	0	1	0	1	0	0	0	1	0	0	0	0	0	1	0	0	0	0	0	0	0	0	0	0	0	1	0	1	0	4	4
RBM15	ENSG00000162775	0	1	0	0	0	0	0	0	0	0	1	0	0	0	0	0	1	0	1	0	1	0	0	0	1	0	0	0	1	0	0	2	1	0	0	0	1	1	1	1	1	0	0	0	1	0	2	4
ZNF800	ENSG00000048405	0	0	0	0	0	0	0	0	0	0	0	0	0	0	0	1	0	0	0	0	0	0	0	0	0	0	0	0	0	0	1	0	1	1	1	0	0	0	1	0	0	0	1	0	1	0	0	0
PRPF4	ENSG00000136875	1	0	1	0	0	0	0	0	0	0	0	0	0	0	0	0	1	0	1	0	1	0	0	0	0	0	0	0	1	0	0	0	0	0	0	0	0	0	1	0	1	0	0	0	1	0	0	0
YBX3	ENSG00000060138	0	0	0	0	0	0	0	1	0	0	0	0	0	0	0	0	0	0	0	0	1	0	0	0	1	0	0	0	0	0	1	0	0	0	0	0	0	1	1	1	0	0	1	0	0	1	0	2
U2AF1	ENSG00000160201	1	1	1	0	0	0	0	0	0	0	0	0	0	0	0	0	1	0	1	0	0	0	0	0	1	0	0	0	0	1	0	0	1	1	1	1	1	0	1	1	0	1	0	0	1	0	0	2
TIA1	ENSG00000116001	0	1	0	0	0	0	0	1	0	0	0	1	1	0	1	0	0	0	0	0	0	0	0	0	1	0	0	0	1	0	0	0	1	1	1	0	0	0	1	1	1	0	0	0	1	0	2	2
XRN2	ENSG00000088930	1	0	0	0	0	1	0	1	0	0	0	0	1	0	0	0	1	0	1	0	0	0	0	0	1	0	0	0	1	0	0	0	1	1	0	0	1	0	1	0	1	0	0	0	1	0	2	2
PABPN1	ENSG00000100836	1	0	0	0	1	0	0	1	0	0	1	1	0	0	0	0	1	0	1	0	0	0	0	0	0	0	0	0	0	0	1	0	0	0	0	0	0	0	0	0	0	0	1	0	1	0	3	0
G3BP1	ENSG00000145907	0	0	0	0	0	0	0	1	0	1	0	0	1	0	1	0	0	0	0	0	1	0	0	0	1	0	0	0	0	0	1	0	0	0	0	0	1	0	1	0	0	0	1	0	1	0	0	0
PABPC4	ENSG00000090621	0	0	0	0	0	0	0	1	0	0	1	0	0	0	0	0	1	1	0	0	1	0	0	0	1	0	0	0	0	0	1	0	0	1	0	0	0	1	1	1	0	0	1	0	1	0	0	0
SND1	ENSG00000197157	0	1	0	1	0	0	0	1	1	0	0	0	1	0	0	0	0	0	0	0	1	0	0	0	1	0	1	0	0	0	1	0	1	1	0	0	1	0	1	1	0	0	1	0	1	0	2	2
PUM1	ENSG00000134644	0	0	0	0	0	0	0	1	1	0	0	1	0	0	0	0	1	0	1	0	1	0	0	0	1	0	0	0	0	0	1	0	0	0	0	0	1	0	1	0	0	0	1	0	1	0	0	0
GPKOW	ENSG00000068394	1	1	1	0	0	0	0	0	0	0	0	0	0	0	0	0	1	0	1	0	1	0	0	0	0	0	0	0	0	1	0	0	0	0	1	0	0	0	1	0	0	1	0	0	1	0	0	4
FXR2	ENSG00000129245	0	0	0	0	0	0	0	1	0	0	0	1	0	0	0	0	0	0	0	0	1	1	0	0	1	0	0	0	0	0	1	0	0	0	0	0	0	0	1	0	0	0	1	0	1	0	0	0
METAP2	ENSG00000111142	1	0	0	0	0	0	0	0	0	0	0	0	0	0	0	1	1	0	0	1	1	0	0	0	1	0	0	0	0	0	1	0	1	0	0	0	0	0	1	1	0	0	1	0	1	0	0	0
LARP4	ENSG00000161813	0	0	0	0	0	0	0	1	0	0	0	1	0	0	0	0	1	0	0	0	1	1	0	0	1	0	0	0	0	0	1	0	0	1	0	0	1	0	1	1	0	1	0	0	1	0	2	4
RBM5	ENSG00000003756	1	1	1	0	0	0	0	0	0	0	0	0	0	0	0	0	1	0	0	0	1	1	0	0	0	0	0	0	1	0	0	0	0	0	0	0	0	0	0	0	1	0	0	0	1	0	0	0
NOLC1	ENSG00000166197	0	0	0	0	0	1	0	0	0	0	0	0	0	1	0	0	0	0	0	0	1	0	0	0	1	1	0	0	1	0	0	0	0	1	1	0	0	0	1	0	1	0	0	1	0	0	0	0
LSM11	ENSG00000155858	1	0	0	0	1	0	0	0	0	0	0	0	0	1	0	0	1	0	1	0	0	0	0	0	0	0	0	0	0	1	0	0	1	0	0	0	1	0	0	1	0	1	0	0	1	0	0	2
TIAL1	ENSG00000151923	0	1	0	0	0	0	0	0	0	0	0	1	1	0	0	0	1	0	1	0	1	0	0	0	1	0	0	0	0	1	0	4	0	1	1	1	0	0	1	0	0	0	1	0	1	0	4	4
TRA2A	ENSG00000164548	0	1	0	0	0	0	0	0	0	0	0	0	0	0	0	0	1	1	0	0	1	0	0	0	0	0	0	1	0	0	1	0	0	0	1	0	0	0	1	0	0	0	1	0	1	0	0	2
GEMIN5	ENSG00000082516	1	1	1	0	0	0	0	0	0	0	0	1	0	0	0	0	1	0	1	0	1	0	0	1	0	0	0	0	0	1	0	0	0	0	0	0	0	0	1	0	0	1	0	0	1	0	0	2
NCBP2	ENSG00000114503	1	1	0	0	0	0	0	1	0	1	1	1	0	0	0	0	1	0	1	0	1	0	0	0	0	0	0	0	0	1	0	0	0	0	0	0	1	0	1	0	0	1	0	0	1	0	0	0
PCBP1	ENSG00000169564	1	1	0	0	0	0	0	1	0	0	0	1	1	0	0	0	1	0	1	0	1	0	0	0	1	0	0	0	1	0	0	0	0	1	0	0	0	0	1	1	1	0	0	1	0	0	0	2
AATF	ENSG00000108270	1	0	0	0	0	0	0	0	0	0	0	0	0	0	0	1	1	1	0	0	1	0	0	0	0	0	0	0	1	0	0	0	0	1	1	0	1	0	1	0	1	0	0	1	0	0	0	0
DDX55	ENSG00000111364	1	0	0	0	0	0	0	0	0	0	0	0	0	0	0	1	1	0	0	0	1	1	1	0	0	0	0	0	0	0	1	0	0	0	0	0	0	0	1	0	0	0	1	0	1	0	0	0
IGF2BP1	ENSG00000159217	0	0	0	0	0	0	0	1	0	1	0	1	1	0	0	0	1	0	0	0	1	0	0	0	1	0	0	0	0	1	0	0	0	0	0	0	1	1	1	1	0	1	0	0	1	0	0	2
SUB1	ENSG00000113387	0	0	0	0	0	0	0	0	0	0	0	0	0	0	0	1	1	1	0	0	0	0	0	0	0	0	0	0	0	0	1	0	0	1	0	0	1	0	1	1	0	1	0	0	1	0	0	0
DKC1	ENSG00000130826	1	0	0	1	0	1	0	0	0	0	0	0	0	1	0	0	1	1	0	0	1	0	0	0	1	0	0	0	1	0	0	0	1	1	1	0	0	0	1	1	1	0	0	1	0	0	0	4
PCBP2	ENSG00000197111	1	1	0	0	0	0	0	0	0	0	0	1	1	0	0	0	1	0	1	0	1	0	0	0	1	0	0	0	1	0	0	0	0	1	0	0	1	0	1	0	1	0	0	1	0	0	2	4
