AATFBF	ABCF1BF	AGGF1BF	AGOBF	AKAP1BF	AKAP8LBF	APOBEC3CBF	AQRBF	BCLAF1BF	BUD13BF	CDC40BF	CPSF6BF	CSTF2TBF	DDX21BF	DDX24BF	DDX3XBF	DDX42BF	DDX52BF	DDX55BF	DDX59BF	DDX6BF	DICERBF	DKC1BF	DROSHABF	EFTUD2BF	EIF3DBF	EIF3GBF	EIF3HBF	EIF4G2BF	EWSR1BF	EXOSC5BF	FAM120ABF	FASTKD2BF	FKBP4BF	FMR1BF	FTOBF	FUSBF	FXR2BF	G3BP1BF	GEMIN5BF	GPKOWBF	GRSF1BF	GRWD1BF	GTF2F1BF	HLTFBF	HNRNPKBF	HNRNPMBF	HNRNPUL1BF	IGF2BP1BF	IGF2BP2BF	IGF2BP3BF	ILF3BF	KHSRPBF	LARP4BF	LARP7BF	LIN28BBF	LSM11BF	METAP2BF	MTPAPBF	NCBP2BF	NIP7BF	NIPBLBF	NKRFBF	NOLC1BF	NONOBF	PABPC4BF	PABPN1BF	PCBP1BF	PCBP2BF	PHF6BF	PPIGBF	PRPF4BF	PRPF8BF	PTBP1BF	PUM1BF	PUM2BF	QKIBF	RBFOX2BF	RBM15BF	RBM22BF	RBM5BF	RPS3BF	SDAD1BF	SERBP1BF	SF3A3BF	SF3B4BF	SMNDC1BF	SND1BF	SRSF1BF	SRSF7BF	SRSF9BF	SSBBF	SUB1BF	SUPV3L1BF	TAF15BF	TARDBPBF	TBRG4BF	TIA1BF	TIAL1BF	TRA2ABF	TROVE2BF	U2AF1BF	U2AF2BF	UCHL5BF	UTP18BF	WDR43BF	XPO5BF	XRCC6BF	XRN2BF	YBX3BF	ZC3H11ABF	ZC3H8BF	ZNF622BF	ZNF800BF	ZRANB2BF
AATF	10.5145988659413	0.736173951727618	0	0	0	0	0	0.0421811475257426	0	0	0	0	0	0.166230721304463	0	0	0	0	0	0	0	0	6.00570077476623	0	0	0	0	0	0	0	0.166230721304463	0	0	0	0	0	0.0114591482518447	0	0	0	0	0	0	0	0	0	0	0.125301358101855	0	0	0	0	0.205932390777855	0	5.78283730476758	0	0	0	0	0	6.40043810753103	6.80536264704098	0	7.88953105296231	0	0.0387022459738631	0	0	0	0.820892621677323	0	0	0	3.05217800023225	0	0	0	0	0	0	0	0	0.181510384140218	0	0	0	2.70327026470358	0	0	0	0	0.651217105885189	1.31654763921723	0	0	0	0	0	0	0	0	0.0589984349823634	0	0	2.02081532623286	0	0	0	0	0	0	5.63542761934173	0	0	0
ABCF1	1.04740726143924	1.51216166952011	0	0	0	0	0	0	0	0	0	0	0	0.392728842568082	0	0	0	0	0	0	0	0	0.966716147728481	0	0	0	0	0	0	0	0.392728842568082	0	0	0	0	0	0	0	0	0.233416429190456	0	0	0	0	0	0	0	0	0	0	0	0	0	0	0.306683337966468	0	0	0	0	0	1.21436305136799	0.235471975652585	0	0.852283841118986	0	0	0	0	0	0.604469116260998	0	0	0	1.26612601842312	0	0	0	0	0	0	0	0	0	0	0	0	0.607383182319582	0	0	0	0	0.550690859712324	0	0	0	0	0	0	0	0	0	0	0	0	0.475362326634641	0	0	0	0	0	0	0.231365293423913	0	0	0
AGGF1	0	0	4.1824286699441	0	0	0	0	0	0	0	0	0	0	0	0	0	0	0	0	0	0	0	0	0	0	0	0	0	0	0	0	0	0	0	0	0	0	0	0	0	0	0	0	0	0	0	0	0	0	0	0	0	0.0600234016436918	0	0	0	0	0	0	0	0	0	0	0	0	0	0	0	0	0	0	0	0	0	0	0	0	0	0	0	0	0	0	0	0	0	0	0	0	0	0	0	0	0	0	0	0	0	0	0.110199978332202	0	0	0	0	0	0	0	0	0	0	0	0	0	0.0681229945516922	0
AGO	0	0	0	42.047839207215	0	0	0	-0.274894037046401	-0.348439244968705	-0.3018653190293	0	0	0	0	0	0	0	0	0	0	0	0.874481835483074	0	0	-0.544387542890709	0	0	0	0	0	0	0	0	0	0	0	0	0	0	0	-0.0875346394841481	0	0	0	0	0	0	0	0	0	0	0	-0.172138408117516	0	0	-0.25664104157337	0	0	0	0	0	0	0	0	0	0	0	0	0	0	-0.244967856847726	0	-0.707640376727388	0	0	0	0	0	0	0	0	0	0	0	0	-0.88361180009105	-0.084447430968947	0	0	0	0	0	0	0	0	0	0	0	0	0	0	0	-0.10715000010415	-0.0818421761968817	0	0	0	0	0	0	0	0	-0.353086911970996	-0.42816619442945	0
AKAP1	0	0	0	0	0.39170561351505	0	0	0	0	0	0	0	0	0	0	0.0581502971433013	0	0	0.367149316826133	0	0	0	0	0	0	0	0.376921256162547	0	0	0	0	0	0	0	0	0.314365021915147	0	0	0	0.233416429190456	0	0	0	0	0	0	0	0	0	0	0	0	0	0.204465643719551	0	0	0	0	0	0	0	0	0	0	0	0.248227670210244	0	0	0	0	0	0	0	0	0	0	0	0	0	0	0	0	0	0	0	0	0	0	0	0	0	0	0.345349206466987	0	0	0	0	0	0	0	0	0	0	0	0	0	0	0	0	0.197687766152112	0	0	0	0	0
AKAP8L	0	0	0	0	0	0.419617440906802	0	0	0	0	0	0	0	0	0	0	0	0	0	0	0	0	0	0	0	0	0	0	0	0	0	0	0	0	0	0	0	0	0	0	0	0	0	0	0	0.449162632720282	0	0	0	0	0	0	0	0	0	0	0	0	0	0	0	0	0	0	0	0	0	0	0	0	0	0	0	0	0	0	0	0	0	0	0	0	0	0	0	0	0	0	0	0	0	0	0	0	0	0	0	0	0	0	0	0	0	0	0	0	0	0	0	0	0	0	0.0747384638814752	0	0
APOBEC3C	0	0	0	0	0	0	3.96119287493104	0	0.216583375355233	0	0.00731016170287087	0	0	0	0	0	0	0	0	0	0	0	0	0	0	0	0	0	0	0	0	0	0	0	0	0.191980427529862	0	0.122103979634009	0	0	0	0	0	0	0	0	0	0	0	0	0	0	0.0297248909991249	0.0637290669844711	0	0	0	0	0	0	0	0	0	0	0	0.891135322752249	0	0	0	0	0	0	0	0	0.596663954573595	0	0	0	0	0	0	0	0	0	0	0	0	0	0	0	0	0	0.161955760517108	0	0	0	0	0	0	0	0	0	0	0	0	0	0	0	0.0172198401695392	0	0	0	0	0.0607141685668657	0
AQR	-0.0596301525121257	0	0	0	0	0	0	20.2105228810138	-1.72280721050863	0	0	0	0	0	0	0	0	0	0	0	0	0	-0.055295090433157	0	-0.544387542890709	0	0	0	0	0	0	0	0	0	0	0	0	0	0	0	0	0	0	0	0	0	0	0	0	0	0	0	0	-0.204465643719551	-0.146529230203987	0	0	0	0	0	0	-0.0431445480422051	0	0	0	-0.261190235841509	0	0	0	0	-0.369102420838872	0	0	0	0	0	0	0	0	0	0	0	0	0	0	-0.506648093220101	-0.607383182319582	0	0	0	0	0	0	0	0	0	0	0	0	0	0	-0.0999718277777646	-0.792713062638931	-0.573735351246619	0	0	0	0	0	0	0	0	-0.0711470401912722	-0.330092285962175	0
BCLAF1	-0.24466109156276	0	0	0	0	0	0	-1.03126142240018	37.5531594964874	-0.262561095491129	0	0	0	0	0	-0.0581502971433013	0	0	0	0	0	0	-0.838712416289347	0	-0.544387542890709	0	0	0	0	0	0	0	0	0	0	0	0	1.50704218096848	0	0	0	0	0	0	0	0	0	0	0	0	0	0	0.205932390777855	0	0	0	0	0	0	0	0	-0.0131185527788777	0	-0.649669666507614	0	0	0	0	0	0	0	-0.194238689997083	-1.05620230994009	0	0.0357206013555773	0	0	0	0	0	0	-0.0477848180644171	0	0	0	-1.13468063476689	-1.32249775918034	0	0	0	0	0	0	0	0	0	0	0	0	1.30354766647386	0	0	0	2.08689863607554	0	0	0	0	-0.571413512439725	0	0	-0.196685483816737	2.37247450703502	1.15062940958379	0
BUD13	0	0	0	0	0	0	0	0.109845899293255	-0.125314158892856	27.3013772540436	0	0	0	0	0	0	0	0	0	0	0	0	-0.370065543389117	0	0.200303383401491	0	0	0	0	0	0	0	0	0	0	0	0	0	0	0	0.568142361034462	0	0	0	0	0	0	0	0	0	0	0	-0.263718893247467	-0.143115434438336	-0.0832749863496643	0	0	0	0	0	0	0	0	0	0	-0.232694285772297	0	0	0	0	0	0	0	0	0	0	0	0	0	0	0	0	0	0	0	0	-0.084447430968947	0	0	0	0	0	0	0	0	0	0	0	0	0	0	0	-0.0273803651595711	0	0	0	0	0	0.0172198401695392	0	0	0	0	0	0
CDC40	0	0	0	0	0	0	0	0	0.156766789848683	0	10.4548101567864	0	0	0	0	0	0	0	0	0	0	0	0	0	0	0	0	0	0.0198375278131355	0	0	0	0	0	0	0	0.0338971006841351	0.239002020990936	0	0	0	0	0	0	0	0	0	0	0	0	0	0	0.0297248909991249	0	0	0	0	0	0	0	0	0	0	0.0664394125173524	0	0	0	0	0	0	0	0	0	0	0	0	0	0	0	0	0	0	0	0	0	0	0.084447430968947	0	0	0	0	0	0	0	0	0	0	0.163836883468212	0	0	0	0.0999718277777646	0	0.0818421761968817	0.0423866494737259	0.890489826526037	0	0	0	0	0	0	0	0.42816619442945	0
CPSF6	0	0	0	0	0	0	0	0	0.125314158892856	0	0	2.29534545289845	0	0	0	0	0	0	0	0	0	0	0	0	0	0	0	0	0	0	0	0	0	0	0	0	0	0.209691587610807	0	0	0.0335077285037528	0	0	0	0	0	0	0	0	0	0	0	0	0	0	0	0	0	0	0	0	0	0	0	0	0	0	0	0	0	0	0	0	0	0.0730183768163046	0	0	0	0	0	0	0	0	0	0	0	0	0	0	0	0	0	0	0	0	0	0	0	0	1.30354766647386	0	0	0	0	0	0	0	0	0	0	0	0	0	0	0
CSTF2T	0	0	0	0	0	0	0	0	0	0	0	0	7.6766367265155	0	0	0	0	0	0	0	0	0	0	0	0	0	0	0	0	1.62306812888745	0	0.0653602209258763	0.107735904725998	0	0	0	0.88365189324112	0	0	0	0	0	0	0.188261745289225	0	0	0.0962868322475849	0.211169297302531	0	0	0	0	0	0	0	0	0	0	0	0	0	0	0	0	0	0	0	0	0	0	0	2.38933341945338	0	0	0	0	0	0.804398430401138	0	0	0	0	0	0	0	0	0	0	0	0	0	0	0	0	0	0	0.374982060610017	0	0	0	0	0.0999718277777646	0	0	0	0	0	0	0	0	0	0	0	0	0.0413277807182255
DDX21	0.356997461778807	0.665881274614771	0	0	0	0	0	0	0	0	0	0	0	0.392728842568082	0	0	0	0	0	0	0	0	0.380283975002818	0	0	0	0	0	0	0	0.392728842568082	0	0	0	0	0	0	0	0	0.233416429190456	0	0	0	0	0	0	0	0	0	0	0	0	0	0	0.432513250182936	0	0	0	0	0	0.425241248346684	0.353190403971454	0	0.271612004127834	0	0	0	0	0	0.73738058571633	0	0	0	0.424678157587806	0	0	0	0	0	0	0	0	0	0	0	0	0.226656623570966	0	0	0	0	0.628034337956898	0	0	0	0	0	0	0	0	0	0	0.0463596031197396	0	0.531250983902938	0	0	0	0	0	0	0.325494746913615	0	0	0
DDX24	-0.376523645495583	0	0	0	0	0	0	-0.0601229181154695	0	0	0	0	0	0	35.7692846095422	0	0	0	0	0	0	0	-0.599214897552367	0	0	0	0	0	0	0	0	0	0	0	0	0	0	0	0	0	-0.0335077285037528	0	0	0	0	0	0	0	0	0.151892776130995	0	0	-0.200999911418994	0	-0.146529230203987	0	0	0	0	0	-0.0909255053119696	-0.235471975652585	0	-1.0255208552275	0	-0.489976272508269	0	0	0	0	1.10787306009572	0	-0.00706998674424508	0	0	0	0	0.0306823131926967	0	0	0	-0.148236787225448	0	0	0	0	0	0	0	0	0	0	0	0	0	0	0	0	0	0	0	0	0	0	0	0	0	0	0	0	0	-0.106654205049238	0	0	0
DDX3X	0	0	0	0	0	0	0	0	-0.336359035041713	0	0	0	0	0	0	25.6522602718889	0	0	0	0	0	0	0	0	0	0	0	0	0	0	0	0	0	0	0	0	0	0	0	0.691284641869945	0	0	0	0	0	0	0	0	0	0	0	0	-0.205932390777855	0.143115434438336	0	0	0	0	0	0.144149379561707	0	0	0	-0.0345170589173974	0	0	0	0	0	0	0	0.0155790181299727	0	0	0	0	0	0	0.733305694136807	0	0	0.0477848180644171	0	0	0	0	-0.084447430968947	0	0	0	0	0	0	0	0	0	0	0	0	0	0	-0.0999718277777646	-0.108976562985609	0	0	0	0	0	0	0	0	0	0	-0.0607141685668657	0
DDX42	0	0	0	0	0	0	0	0	0	0	0.00731016170287087	0	0	0	0	0	3.14359649694686	0	0	0	0	0	0	0	0	0	0	0	0.401261096024945	0	0	0	0	0	0	0	0	0	0	0	0	0	0	0	0	0	0	0	0	0	0	0	0	0	0	0	0	0	0	0	0	0	0	0	0	0	0	0	0	0	0	0	0	0	0	0	0	0.0306823131926967	0	0	0	0	0	0	0	0	0.489285762997373	0	0	0	0	0	0	0	0	0.329222626996652	0	0	0	0	0	0.0999718277777646	0	0	0	0	0	0	0.52036428082087	0	0	0	0	0	0
DDX52	0	0	0	0	0	0	0	0	0	0	0	0	0	0	0	0	0	0.188969081586451	0	0	0	0	0	0	0	0	0	0	0	0	0	0	0	0	0.214501840435993	0	0	0	0	0	0	0	0	0	0	0	0.138886157926732	0	0	0	0	0	0	0	0	0	0	0	0	0	0	0	0	0	0	0	0	0	0	0	0	0	0	0	0	0	0	0	0	0	0	0	0	0	0	0	0	0	0	0	0	0	0	0	0	0	0	0	0	0	0	0	0	0	0	0	0	0	0	0	0	0	0	0	0
DDX55	0	0	0	0	0.141341490197439	0	0	0	0	0	0	0	0	0	0	0	0	0	9.0269844352758	0	0	0	0	0	0	0	0.054178686502274	0	0	0	0	0	0	0	0	0.0879267241634218	0	0	0	0.105007796170217	0	0	0	0	0	0	0	0	0	0	0	0	0	0.256690847807397	0	0	0	0	0	0	0	0	0	0	0	0.297148876295688	0	0	0	0	0	0	0	0	0	0	0	0	0	0	0	0	0	0	0	-0.176779846839465	0	0	0	0	0	0	0.500870461382603	0	0	0	0	0	0	0	0	0	0	0	0	0	0	0	0	0	0	0	0	0	0
DDX59	0	0	0	0	0	0	0	0	0	0	0	0	0	0	0	0	0	0	0	3.5001493483534	0	0	0	0	0	0	0	0	0	0	0	0	0	0	0	0	0	0	0	0	0	0	0	0	0	1.63108155318281	0	0	0	0	0	0.247626189536081	0	0	0	0	0	0	0	0	0	0	0	0	0	0	0	0	1.40822188292464	0	0	0	0	0	0	0	0	0	0	0	0	0	0	0	0	0	0.0985696545479421	0	0	0	0	0	0	0	0	0	0	0	0	0	0	0	0	0	0	0	0	0	0	0	0	0	0	0	0
DDX6	0	0	0	0	0	0	0	0	0.00502884663783358	0	0	0	0	0	0	0	0	0	0.273603354686834	0	5.28475445659035	0	0	0	0	0	0	0	0	0	0	0	0	0	0	0	0	0	0	0	0	0	0	0	0.194998101221978	0	0	0	0	0	0	0	0	0	0	0	0	0	0	0	0	0	0	0	0	0.489976272508269	0	0	0	0	0	0	0	0	0.0217311169655244	0	0	0	0	0	0	0	0	0	0	0	0	0	0	0	0	0	0	0	0	0	0	0	0	0	0	0	0.10715000010415	0	0	0	0	0	0	0	0	0	0	0	0
DICER	-0.0596301525121257	0	0	0.823007485481625	0	0	0	-0.274894037046401	-0.492419625645043	-0.802270552805417	0	0	0	0	0	0	0	0	0	0	0	40.9630132602258	0	0	-0.104923251601668	0	0	0	0	0	0	0	0	0	0	0	0	0	0	0	-0.0335077285037528	0	0	0	0	0	0	0	0	0	0	0	-0.750121532349002	0	0	0	0	0	0	0	-0.0909255053119696	0	0	-0.0664394125173524	0	0	0	0	0	0	-0.181230804543779	0	0	-0.0989181309048646	0	0	0	0	0	0	0	0	0	0	0	-0.0830542610145477	-0.9620738778222	0	0	0	0	0	0	0	0	0	0	0	0	0	0	-0.681837945500118	-0.108976562985609	-0.158956775369047	0	0	0	0	0	0	0	0	-0.153300886508759	-0.664538335614907	0
DKC1	5.59545450192522	0.665881274614771	0	0.329858158884211	0	0	0	0	-0.125314158892856	0	0	0	0	0.091729583090312	0	0	0	0	0	0	0	0	13.929295414211	0	0	0	0	0	0	0	0.091729583090312	0	0	0	0	0	0	0	0	0	0	0	0	0	0	0	0	0.352252619712226	0	0	0	0	0.071087630837588	0	4.40334167973249	0	0	0	0	0	4.12037794496542	5.17123965214806	0	7.83647721209819	0	0.198520077860888	0	0	0	0.73738058571633	0	0	0	4.95574926781839	0	0	0	0	0	0	0	0	0	0	0	0	2.67442669371039	0	0	0	0	0.628034337956898	0.481139908514028	0	0	0	0	0	0	0	0	0.0999718277777646	0	0	0.963502031192259	0	0	0	0	0	0	4.09967618081597	0	0	0
DROSHA	0	0	0	0	0	0	0	0	0	0	0	0	0	0	0	0.049380537973739	0	0	0	0	0	0	0	3.33500455702823	0	0	0	0	0	0	0	0	0	0	0	0	0	0	0	0.226205927018073	0	0	0	0.355722857473732	0	0	0	0	0	0	0	0	0	0	0	0	0	0	0	0	0	0	0	0	0	0	0	0	0	0	0	0.0354209756467041	0	0	0	0	0	0.0306823131926967	0	0	0	0	0	0	0	0	0	0	0	0	0	0	0	0	0	0	0	0	0	0	0	0	0	0	0	0	0	0	0	0	0	0	0	0	0
EFTUD2	-1.84854778565289	0	0	0	0	0	0	-0.781571312065465	-0.711156745661549	0	0	0	0	0	0	0	0	0	0	0	0	0	-1.38912574747429	0	21.1811684155553	0	0	0	0	0	0	0	0	0	0	0	0	-0.239002020990936	0	0	0	0	-1.36743488907617	0	0	0	0	-0.142852656159011	0	0	0	0	-0.784491193838961	0	-0.869967311843881	-0.25664104157337	0	0	0	0	-1.08898405877793	-1.20416838528412	0	-1.77951494376826	0	-0.297148876295688	0	0	0	0	0	0	0	-0.424678157587806	0	0	0	0	0	0	0	0	0	0	0	0.88361180009105	0	0	0	0	0	0	-0.295724090225369	0	0	0	0	0	0	-1.30354766647386	0	-0.681837945500118	-0.655017068639003	-2.80198061769156	-0.338969543305039	0	0	0	0	-0.197687766152112	0	-0.667290877108911	-0.704495553075909	-0.521360066049031	0
EIF3D	0	0	0	0	0	0	0	0	0	0	0	0	0	0	0	0	0	0	0	0	0	0	0	0	0	2.37418477548977	0	0	0	0	0	0	0	0	0	0	0	0	0	0	0	0	0	0	0	0	0	0	0	0.151892776130995	0	0	0	0	0	0	0	0	0	0	0	0	0	0	0	0	0	0	0	0	0	0	0	0	0	0	0	0	0	0	0	0	0	0	0	0	0	0	0	0	0	0	0	0	0	0	0	0	0	0	0	0	0	0	0	0	0	0	0	0	0	0	0	0	0
EIF3G	0	0	0	0	0.39170561351505	0	0	0	0	0	0	0	0	0	0	0.053876820741872	0	0	0.367149316826133	0	0	0	0	0	0	0	1.57469983849239	0	0	0	0	0	0	0	0	0.314365021915147	0	0	0	0.233416429190456	0	0	0	0	0	0	0	0	0	0	0	0	0	0.911154191290785	0	0	0	0	0	0	0	0	0	0	0	0.587977732456417	0	0	0	0	0	0	0	0	0	0	0	0	0	0	0	0.0477848180644171	0	0	0	0	0	0	0	0	0	0	0.295724090225369	0	0	0	0	0	0	0	0	0	0	0	0	0	0	0	0	0.197687766152112	0	0	0	0	0
EIF3H	0	0	0	0	0	0	0	0	0.125314158892856	0	0	0	0	0	0	0	0	0	0	0	0	0	0	0	0	0	0	1.79574316867038	0	0	0	0	0	0	0	0	0	0	0	0	0.0335077285037528	0	0	0	0	0	0	0	0	0	0	0	0	0	0	0	0	0	0	0	0	0	0	0	0	0	0	0	0	0	0	0	0	0	0	0	0	0	0	0	0	0.0477848180644171	0.0971860193783472	0	0	0	0	0	0	0	0	0	0	0	0	0	0	0	0	0	0	0.0999718277777646	0	0	0	0	0	0	0	0	0	0	0.00449356286198137	0.11471337072677	0
EIF4G2	0	0	0	0	0	0	0	0	0	0	0.00731016170287087	0	0	0	0	0	0.248234630845446	0	0	0	0	0	0	0	0	0	0	0	0.401261096024945	0	0	0	0	0	0	0	0	0	0	0	0	0	0	0	0	0	0	0	0	0	0	0	0	0	0	0	0	0	0	0	0	0	0	0	0	0	0	0	0	0	0	0	0	0	0	0	0	0	0	0	0	0	0	0	0	0	0.226656623570966	0	0	0	0	0	0	0	0	0.452725681667937	0	0	0	0	0	0	0	0	0	0	0	0	0.121747107414199	0	0	0	0	0	0
EWSR1	0	0	0	0	0	0	0	0	0	0	0	0	1.248515346356	0	0	0	0	0	0	0	0	0	0	0	0	0	0	0	0	3.99641812744094	0	0	0	0	0	0	0	0	0	0	0	0	0	0	0	0	0	0	0	0	0	0	0	0	0	0	0	0	0	0	0	0	0	0	0	0	0	0	0	0	0	0.603628730725063	0	0	0	0	0	0.0306823131926967	0	0	0	0	0	0	0	0	0	0	0	0	0	0	0	0	0	0	0	0	0	0	0	0	0	0	0	0	0	0	0	0	0	0	0	0	0
EXOSC5	0.356997461778807	0.665881274614771	0	0	0	0	0	0	0	0	0	0	0	0.392728842568082	0	0	0	0	0	0	0	0	0.380283975002818	0	0	0	0	0	0	0	0.392728842568082	0	0	0	0	0	0	0	0	0.233416429190456	0	0	0	0	0	0	0	0	0	0	0	0	0	0	0.432513250182936	0	0	0	0	0	0.425241248346684	0.353190403971454	0	0.271612004127834	0	0	0	0	0	0.73738058571633	0	0	0	0.424678157587806	0	0	0	0	0	0	0	0	0	0	0	0	0.226656623570966	0	0	0	0	0.628034337956898	0	0	0	0	0	0	0	0	0	0	0.0463596031197396	0	0.531250983902938	0	0	0	0	0	0	0.325494746913615	0	0	0
FAM120A	0	0	0	0	0	0	0	0	0	0	0	0	0.400699868778777	0	0	0	0	0	0	0	0	0	0	0	0	0	0	0	0	0	0	0.311909656495542	0.227982441121303	0	0	0	0	0	0	0	0	0	0	0	0	0	0	0	0	0	0	0	0	0	0	0	0	0	0	0	0	0	0	0	0	0	0	0	0	0	0	0.153977815934356	0	0	0	0	0	0	0	0	0	0	0	0	0	0	0	0	0	0	0	0	0	0	0	0	0	0	0	0	0	0	0	0	0	0	0	0	0.121747107414199	0	0	0	0	0	0
FASTKD2	0	0	0	0	0	0	0	0	0.125314158892856	0	0.00731016170287087	0	0.336448785907174	0	0	0	0	0	0	0	0	0	0	0	0	0	0	0	0	0	0	0.311909656495542	1.71552381430247	0	0	0	0	0	0	0	0	0	0	0	0	0	0	0	0	0	0	0	0.10014601361751	0	0	0	0	0	0.16594679672084	0	0	0	0	0	0	0	0	0	0	0	0	0.0769264917198094	0	0	0	0	0	0	0	0	0	0	0	0	0	0	0	0	0	0	0	0	0	0	0	0	0	0	0	0	0	0.0999718277777646	0	0	0.475362326634641	0.371743996231698	0	0	0.0755807231657622	0	0	0	0	0	0
FKBP4	0	0	0	0	0	0	0	0	0	0	0	0	0	0	0	0	0	0	0	0	0	0	0	0	0	0	0	0	0	0	0	0	0	0.186303972124252	0	0	0	0	0	0	0	0	0	0	0	0	0	0	0	0	0	0	0	0	0	0	0	0	0	0	0	0	0	0	0	0	0	0	0	0	0	0	0	0	0	0	0	0	0	0	0	0	0	0	0	0	0	0	0	0	0	0	0	0.077041378621859	0	0	0	0	0	0	0	0	0	0.0392160326088649	0	0	0	0	0	0	0	0	0	0	0
FMR1	0	0	0	0	0	0	0	0	0	0	0	0	0	0	0	0	0	0.188969081586451	0	0	0	0	0	0	0	0	0	0	0	0	0	0	0	0	5.9196945996118	0	0	1.56632609341762	0	0	0	0	0	0	0	0	0.0962868322475849	0	0	0	0	0	0	0	0	0	0	0	0	0	0	0	0	0	0	0	0	0	0	0	0	0	0	0	0	0	0	0	0	0	0	0	0	0	0	0	0	0	0	0	0	0	0	0	0	0	0	0	0	0	0	0	0	0	0	0	0	0	0	0	0	0	0	0	0
FTO	0	0	0	0	0.39170561351505	0	0.0456384371265271	0	0	0	0	0	0	0	0	0.053876820741872	0	0	0.367149316826133	0	0	0	0	0	0	0	0.376921256162547	0	0	0	0	0	0	0	0	1.64220457782099	0	0	0	0.233416429190456	0	0	0	0	0	0	0	0	0	0	0	0	0	0.143115434438336	0	0	0	0	0	0	0	0	0	0	0	0.587977732456417	0	0	0	0	0	0	0	0	0.0730183768163046	0	0	0	0	0	0	0	0	0	0	0	0	0	0	0	0	0	0.295724090225369	0	0	0	0	0	0	0	0	0	0	0	0	0	0	0	0.0755807231657622	0.197687766152112	0	0	0	0	0
FUS	0.100801299822407	0	0	0	0	0	0	0	0	0	0.00731016170287087	0	1.20102269543651	0	0	0	0	0	0	0	0	0	0	0	0	0	0	0	0	0	0	0	0	0	0	0	4.07492406074293	0	0	0	0	0	0	0.311696586676492	0	0	0.0962868322475849	0.211169297302531	0	0	0	0	0.0297248909991249	0	0	0	0	0	0	0.501608103514884	0	0	0	0	0	0	0	0	0	0	0	0.0109160230751417	0	0	0	0	0	0.45269381169252	0	0	0	0	0	0	0	0	0	0	0	0	0	0	0	0	1.48160803602329	0	0.429904820300818	0.163836883468212	0	0	0	0.681837945500118	0.10715000010415	0	0	0	0	0	0	0	0	0	0	0.0607141685668657	0.117751219454193
FXR2	0	0	0	0	0	0	0	0	1.70198657125571	0	0.00731016170287087	0	0	0	0	0	0	0	0	0	0	0	0	0	-0.149805170127856	0	0	0	0	0	0	0	0	0	1.24824248788733	0	0	18.926184167778	0.1220609196965	0	0	0	0	0	0	0	0	0	0	0	0	0	0	0	0	0.603015414216067	0	0	0	0	0	0	0	0	0	0	0	0	0	0	0	0	-1.05620230994009	0	0.0217311169655244	0	0	0	0	0	0	0.0477848180644171	0	0	0	0	-0.135783991254116	0	0	0.553783215661811	0	0	0	0	0	0	0	0	0	1.30354766647386	0	-0.0589984349823634	-0.108976562985609	0.277384257171147	0	0	0	0	0	0	0	0	0.216951031519762	0.5926293045805	0
G3BP1	0	0	0	0	0	0	0	0	0.0344692154504229	0	0	0	0	0	0	0	0	0	0	0	0	0	0	0	-0.193453241233996	0	0	0	0	0	0	0	0	0	0	0	0	0.365428597299083	22.5344253245782	0	0	0	0	0	0	0	0	0	0	0	0	0	0	0	0	0.25664104157337	0	0	0	0	0	0	0	0	0	0	0	0	0	0	0	0	-0.220818841469451	0	0	0	0	0	0	0	0	0.148236787225448	0	0	0	-0.0249160466901793	-0.126069783458377	0	0	0	0	0	0	0	0	0	0	0	0	0	0	-0.0589984349823634	0	0	0	0	0	0	0	0	0	0	0	0.0681229945516922	0
GEMIN5	0.00654353973799552	0.291852266001044	0	0	0.141341490197439	0	0	0	0	0	0	0	0	0.205936373778301	0	1.6407648619908	0	0	0.0761820287228487	0	0	0	0	0	0	0	0.054178686502274	0	0	0	0.205936373778301	0	0	0	0	0.0879267241634218	0	0	0	7.84183768799105	0	0	0	0.188261745289225	0	0	0	0	0	0	0	0	0	0	0.0524826039635939	0	0	0	0	0	0	0	0	0	0.0389558862421372	0.261190235841509	0	0	0	0.272711444340199	0	0	0	0	0	0	0	0	0	0	0	0	0	0	0	0	0	0	0	0	0	0.230663478723883	0	0	0	0	0	0	0	0	0	0	0	0	0.169950502377249	0	0	0	0	0	0	0.00335657996896291	0	0	0
GPKOW	0	0	0	0	0	0	0	0	0.156766789848683	1.36781580011258	0	0	0	0	0	0	0	0	0	0	0	0	0	0	0.104923251601668	0	0	0	0	0	0	0	0	0	0	0	0	0	0	0	15.8413367358018	0	0	0	0	0	0	0	0	0	0	0	0.750121532349002	0	0	0	0	0	0	0	0	0	0	0	0	0	0	0	0	0	0	0	0	0	0	0	0	0	0.515631154313284	0.885628385069719	0	0.148236787225448	0.0971860193783472	0	0	0	0	0	0	0	0	0	0	0	0	0	0	0	0	0	0	0.0999718277777646	0.0445564604197523	0	0	0	0	0	0	0	0	0	0	0	0
GRSF1	0	0	0	0	0	0	0	0	0	0	0	0	0	0	0	0	0	0	0	0	0	0.00693450444905338	0	0	0	0	0	0	0	0	0	0	0	0	0	0	0	0	0	0.226205927018073	0	3.28438840886821	0	0.355722857473732	0	0	0	0	0	0	0	0	0	0	0	0	0	0	0	0	0	0	0	0	0.210158083027817	0	0	0	0	0	0	0.0354209756467041	0	0	0	0	0	0	0	0	0	0	0	0	0	0	0	0	0	0	0	0	0	0	0	0	0	0	0	0	0	0	0	0	0	0	0	0	0.0551075492003348	0	0	0	0	0	0
GRWD1	-0.464502506125976	0	0	0	0	0	0	0	0.403374232758235	0	0	0	0	0	0	0	0	0	0	0	0	0	-0.51804488327162	0	-0.544387542890709	0	0	0	0	0	0	0	0	0	0	0	0	0	0	0	0	0	35.1687378342867	0	0	0	0	0	0	0	0	0	0	0	-0.346831523823331	0	0	0	0	0	-0.494371068179677	-0.215465233122761	0	0	0	0	0	0	0	0	0	0	0	0	0	0	0	0	0	0	0	0	0	0	0	-0.402874725047552	-0.607383182319582	0	0	0	0	0	0	0	0	0	0	0	0	0	0	-0.0999718277777646	-0.0285123364480276	2.79471101183046	0	0	0	0	0	0	0	0	1.51619362821291	0.440331846113173	0
GTF2F1	0	0	0	0	0	0	0	0	0	0	0	0	0.279674137162981	0	0	0.00829886378734476	0	0	0	0	0	0	0	0	0	0	0	0	0	0	0	0	0	0	0	0	0.334636640565123	0	0	0.165253678536905	0	0	0	4.47134710966578	0	0	0	0.211169297302531	0	0	0	0	0	0	0	0	0	0	0	0	0	0	0	0	0.210158083027817	0	0	0	0	0	0	2.18700062000631	0	0	0	0	0	0.0160847312940308	0	0	0	0	0	0	0	0	0	0	0	0	0	0	0	0	0	0	0.429904820300818	0	0	0	0	0.0854085910599299	0	0	0	0	0	0	0.0172198401695392	0	0	0	0	0	0
HLTF	0	0	0	0	0	0	0	0	0.316703792809265	0	0	0	0	0	0	0	0	0	0	0	0.143925821597125	0	0	0	0	0	0	0	0	0	0	0	0	0	0	0	0	0	0	0	0	0	0	0	3.62344221041817	0	0	0	0	0	0	0	0	0	0	0	0	0	0	0	0	0	0	0	0	0	0	0	0	0	0	0	0	0	0.640450531218732	0	0	0	0	0	0	0	0	0	0	0	0	0	0	0	0	0	0	0	0	0	0	0	0	0.110199978332202	0	0	0	0	0	0	0	0	0	0	0	0	0	0.521360066049031	0
HNRNPK	0	0	0	0	0	0.178631821236714	0	0	0	0	0	0	0	0	0	0	0	0	0	1.56908123279036	0	0	0	0	0	0	0	0	0	0	0	0	0	0	0	0	0	0	0	0	0	0	0	0	0	7.46949891790883	0	0	0	0	0	0.247626189536081	0	0	0	0	0	0	0	0	0	0	0	0	0	0	0	0	2.29649099544018	0	0	0	0	0	0	0	0	0	0	0	0	0	0	0	0	0	0.0030896558950318	0	0	0	0	0	0	0	0	0	0	0	0	0	0	0.0589984349823634	0	0	0	0	0	0	0	0	0	0	0	0	0
HNRNPM	0	0	0	0	0	0	0	0	0	0	0	0	0.279674137162981	0	0	0	0	0.188969081586451	0	0	0	0	0	0	0	0	0	0	0	0	0	0	0	0	0	0	0.334636640565123	0	0	0	0	0	0	0	0	0	4.79926300786628	0	0	0	0	0	0	0	0	0	0	0	0	0	0	0	0	0	0	0	0	0	0	0	0	0	0	0	0	0	0	0.0160847312940308	0	0	0	0	0	0	0	0	0	0	0	0	0	0	0	0	0	0	0	0	0	0	0	0.0854085910599299	0	0	0	0	0	0	0	0	0	0	0	0	0.117751219454193
HNRNPUL1	0.158635691996795	0	0	0	0	0	0	0	0	0	0	0	0.279674137162981	0	0	0	0	0	0	0	0	0	0.838712416289347	0	0	0	0	0	0	0	0	0	0	0	0	0	0.334636640565123	0	0	0	0	0	0	0.355722857473732	0	0	0	2.93889039709627	0	0	0	0	0	0	0.208706233849097	0	0	0	0	0	0	0.944963038177268	0	0.713213338540627	0	0	0	0	0	0	0	0.0354209756467041	0	0.182476399425677	0	0	0	0.0306823131926967	0	0	0	0	0.0824821939019913	0	0	0	0.0985696545479421	0	0	0	0	0	0	0	0	0	0.429904820300818	0	0	0	0	0.0999718277777646	0	0	0.424690487429929	0	0	0	0	0	0	0.196685483816737	0	0	0
IGF2BP1	0	0	0	0	0	0	0	-0.0421811475257426	0	-0.262561095491129	0	0	0	0	0	0	0	0	0	0	0	0	0	0	-0.299279315079793	0	0	0	0	0	0	0	0	0	0	0	0	0	0	0	0	0	0	0	0	0	0	0	15.3916203271011	0.433050410481762	2.11177758993937	0	0	0	0	0	0	0	0	0	0	0	0	0	0	0	0	0	0	0	0	0	-0.00706998674424508	0	0	0	0	0	0	0	0	0	0	0	0	0	0	0	0	0	0	0	0	0	0	0	0	0	0	0	0	0	0	0	0	0	0	0	0	0.197687766152112	0	0	0	0.424397278784856	0
IGF2BP2	0	0	0	0	0	0	0	-0.0326685951991633	0	-0.0272056149089823	0	0	0	0	0	0	0	0	0	0	0	0	0	0	0	0	0	0	0	0	0	0	0	0	0	0	0	0	0	0	0	0	0	0	0	0	0	0	0.545944050699499	11.74194635153	0	0	0	0	0	0	0	0	0	0	0	0	0	0	0	0	0	0	0	0	0	0	-0.0153985517377929	0	0	0	0	0	0	0	0	0	0	0	0	-0.561012335285568	0	0	0	0	0	0	0	0	0	0	0	0	0	0	0	0	0	0	0	0	0	0	0	0	0	0	0	0	0
IGF2BP3	0	0	0	0	0	0	0	0	0	0	0	0	0	0	0	0	0	0	0	0	0	0	0	0	0	0	0	0	0	0	0	0	0	0	0	0	0	0	0	0	0	0	0	0	0	0	0	0	2.2568289406305	0.0473186537713156	6.45903595985478	0	0.205932390777855	0	0	0	0	0	0	0	0	0	0	0	0	0	0	0	0	0	0	0	0	0	0.0217311169655244	0	0	0	0	0	0	0	0	0	0	0	0	0	0	0	0	0	0	0	0	0	0	0	0	0	0	0	0	0	0	0	0	0	0	0.26015090829708	0	0	0	0.699233625825959	0
ILF3	0	0	0	0	0	0	0	0	0	0	0	0	0	0	0	0	0	0	0	0.546708771885408	0	0	0	0	0	0	0	0	0	0	0	0	0	0	0	0	0	0	0	0	0	0	0	0	0	0.449162632720282	0	0	0	0	0	0.247626189536081	0	0	0	0	0	0	0	0	0	0	0	0	0	0	0	0	0.238825564215888	0	0	0	0	0	0	0	0	0	0	0	0	0	0	0	0	0	0.226656623570966	0	0	0	0	0	0	0	0	0	0	0	0	0	0	0	0	0	0	0	0	0	0	0	0	0	0	0	0
KHSRP	0	0	0	0	0	0	0	0	0.216583375355233	-0.3018653190293	0	0	0	0	0	-0.053876820741872	0	0	0	0	0	-0.00693450444905338	0	0	-0.544387542890709	0	0	0	0	0	0	0	0	0	0	0	0	0	0	0	0.0335077285037528	0	0	0	0	0	0	0	0	0	0	0	35.6399020854695	-0.0152816557639239	0	0	0	0	0	0	0	0	0	0	0	0	0	0	0	0	-1.10787306009572	-0.153977815934356	0	0	0	0	0	0	0	0	0	0	0	0	0	-0.88361180009105	-0.135783991254116	0	0	0	0	0	0	0	0	0	0	0.141448984719053	0	0	0	0.0999718277777646	0.474847775598166	-0.0392160326088649	0	0	0	0	-0.52036428082087	0	0	0	0	0.0607141685668657	0
LARP4	0	0	0	0	0	0	0	0	0	0	0	0	0	0	0	0.0895139625985594	0	0	0.412757918746838	0	0	0	0	0	0	0	0.405517000037697	0	0	0	0	0	0	0	0	0	0	0	0	0	0	0	0	0	0	0	0	0	0	0	0	0	-0.02739339897963	15.0979961017938	0	0.122337075252922	0	0	0	0	0	0	0	0	0	5.91187210269543	0	0	0	0	0	0	0	0	0	0	0	0	0	0	0	2.03138345446674	0	0	0	0	0	0	0	0	0	0	1.81869445995026	0	0	0	0	0	0	0	0	0	-0.10715000010415	0	0	0	0	0	0	0.26015090829708	0	0	0	0	0
LARP7	6.00958105574418	0.279748650135536	0	0	0	0	0	0	0	0	0	0	0	0.205936373778301	0	0	0	0	0	0	0	0	4.9863335529718	0	0	0	0	0	0	0	0.205936373778301	0	0	0	0	0	0	0	0	0.0378143804656029	0	0	0	0	0	0	0	0.211169297302531	0	0	0	0	0.573532860270379	0	6.83809711308767	0	0	0	0	0	4.90311488416351	6.47759517613043	0	4.97800813843495	0	0.232694285772297	0	0	0	0.890708528592454	0	0	0	2.16394706946137	0	0	0	0	0	0	0	0	0.373634051287341	0	0	0	1.76679552570358	0	0	0	0	0.70949515783172	1.18001928641055	0	0	0	0	0	0	0	0	0	0	0	2.50785849571093	0	0	0	0	0	0	4.97166969314977	0	0	0
LIN28B	0	0	0	-0.103932146594447	0	0	0	-0.109845899293255	0	-0.262561095491129	0	0	0	0	0	0	0	0	0	0	0	0	-0.16995477887766	0	-0.544387542890709	0	0	0	0	0	0	0	0	0	0	0	0	0.787236348314345	0.1201622296472	0	0	0	0	0	0	0	0	0	0	0	0	0	0	0.0111769053169307	0	31.7954100401134	0	0	0	0	0	0	0	0	0	0	0	0	0	0	0	0	-0.707640376727388	0	0.0217311169655244	0	0	0	0	0	0	0	0	0	0	-0.88361180009105	-0.0985696545479421	0	0	0	0	0	0	0	0	0	0	0	0	0	0	-0.0999718277777646	-0.108976562985609	0	0	0	0	0	-0.0573960446031191	0	0	0	0	0.498889314670445	0
LSM11	0	0	0	0	0	0	0	0	0	0	0	0	0	0	0	0	0	0	0	0	0	0	0	0	0	0	0	0	0	0	0	0	0	0	0	0	0	0	0	0	0	0	0	0	0	0	0	0	0	0	0	0	0	0	0	0	11.515070042334	0	0	0	0	0	0	0	0	0	0.719167932430394	0	0	0	0	0	0	0	0	0	0	0	0	0	0	0	0	0	0	0	0.285460291509779	0	0	0	0	0	0	0	0	0	0	0	0	0	0	0	0	0	0	0	0	0	0.451339504233236	0	0	0	0	0	0
METAP2	0	0	0	0	0	0	0	0	-0.125314158892856	0	0	0	0	0	0	0	0	0	0	0	0	0	0	0	0	0	0	0	0	0	0	0	0	0	0	0	0	0	0	0	0	0	0	0	0	0	0	0	0	0	0	0	-0.0269610892605256	0.0637290669844711	0	0	0	18.6786356256228	0	0	0	0	0	0	0	0.489976272508269	0	0	0	0	0	0	0	0	0	0	0	0	0	0	0	0.0477848180644171	0	0	0	0	0.0254777184969001	0	0	0	0	0	0	0	0	0	0	0	0	0	0	0	-0.10715000010415	0	0	0	0	0	0	0	0	0	0	0	0
MTPAP	0	0	0	0	0	0	0	0	0.125314158892856	0	0.00731016170287087	0	0	0	0	0	0	0	0	0	0	0	0	0	0	0	0	0	0	0	0	0	0.227982441121303	0	0	0	0	0	0	0	0	0	0	0	0	0	0	0	0	0	0	0	0.10014601361751	0	0	0	0	0	1.83886778567033	0	0	0	0	0	0	0	0	0	0	0	0	0	0	0	0	0	0	0	0	0	0	0	0	0	0	0	0	0	0	0	0	0	0	0	0	0	0	0	0	0	0	0.0999718277777646	0	0	0.475362326634641	0.371743996231698	0	0	0	0	0	0	0.00449356286198137	0	0
NCBP2	0	0	0	0	0	0	0	0	0	0.0272056149089823	0	0	0.0821482207791541	0	0	0.671622475519495	0	0	0	0	0	0	0	0	0	0	0	0	0	0	0	0	0	0	0	0	0.830479336892516	0	0	0	0	0	0	0.17898461393113	0	0	0	0.211169297302531	0	0	0	0	0	0	0	0	0	0	0	8.53877902269375	0	0	0	0	0	0	0	0	0	0	0	0.637041404801667	0	0	0	0	0	0	0	0	0	0	0	0	0	0	0	0	0	0	0	0	0	0.160564277108774	0	0	0.374982060610017	0	0	0	0	0.0999718277777646	0	0	0	0	0	0	0.104126804032289	0	0	0	0	0	0
NIP7	6.40480067789144	0.828776040696229	0	0	0	0	0	0	0	0	0	0	0	0.205936373778301	0	0	0	0	0	0	0	0	4.65780279111059	0	0	0	0	0	0	0	0.205936373778301	0	0	0	0	0	0	0	0	0.0141245671094171	0	0	0	0	0	0	0	0	0	0	0	0	0.436326195632358	0	4.76927535673927	0	0	0	0	0	8.35855735365909	5.09733138723665	0	5.28334757818953	0	0.164321353580776	0	0	0	0.890708528592454	0	0	0	2.85923649059028	0	0	0	0	0	0	0	0	0	0	0	0	2.5772728698512	0	0	0	0	0.70949515783172	1.71528366741639	0	0	0	0	0	0	0	0	0	0	0	0.646722586695877	0	0	0	0	0	0	3.64753173215799	0	0	0
NIPBL	6.54972737888021	0.168966531522809	0	0	0	0	0	0.0195824162679072	0	0	0	0	0	0.183703755878329	0	0	0	0	0	0	0	0	5.61107825859057	0	0	0	0	0	0	0	0.183703755878329	0	0	0	0	0	0	0	0	0	0	0	0	0	0	0	0	0.401895937813268	0	0	0	0	0.263718893247467	0	5.978702014478	0	0	0	0	0	4.90311488416351	9.75961978171643	0	7.83647721209819	0	0.0708307322084806	0	0	0	0.854607333479983	0	0	0	3.21641042554255	0	0	0	0	0	0	0	0	0.181510384140218	0	0	0	2.61929220620821	0	0	0	0	0.654836146253874	0.794046314971915	0	0	0	0	0	0	0	0	0	0	0	2.08321273765077	0	0	0	0	0	0	6.77819331758755	0	0	0
NKRF	0	0	0	0	0	0	0	0	0	0	0	0	0	0	0	0	0	0	0	0	0	0	0	0	0	0	0	0	0	0	0	0	0	0	0	0	0	0	0	0	0	0	0	0	0	0	0	0	0	0	0	0	0	0	0	0	0	0	0	0	0	0	0.78697767124177	0	0	0	0	0	0	0	0	0	0	0	0	0	0	0	0	0	0	0	0	0	0	0	0	0	0	0	0	0	0	0	0	0	0	0	0	0	0	0	0	0	0	0	0	0	0	0	0	0	0	0	0
NOLC1	7.20035855569083	0.600417148956809	0	0.103932146594447	0	0	0	0.127254913020942	-0.0203552673624999	0	0	0	0	0	0	0	0	0	0	0	0	0	7.89018438773895	0	0	0	0	0	0	0	0	0	0	0	0	0	0	0	0	0	0	0	0	0	0	0	0	0.246732773350523	0	0	0	0	0	0	4.40334167973249	0	0	0	0	0	4.90311488416351	7.04295523381477	0	16.2476333676123	0	0.489976272508269	0	0	0	0.603517843616591	0	0	0	4.17504530017714	0	0	0	0	0	0	0	0	0.00954761139404111	0	0	0	3.02404343106058	0	0	0	0	0.543031865984069	1.31654763921723	0	0	0	0	0	0	0	0	0	0	-0.0392160326088649	1.34930594862219	0	0	0	0	0	0	5.63542761934173	0	0	0
NONO	0	0	0	0	0	0	0	0	0	0	0	0	0	0	0	0	0	0	0	0	0	0	0	0	0	0	0	0	0	0	0	0	0	0	0	0	0	0	0	0.233416429190456	0	0	0	0.355722857473732	0	0	0	0	0	0	0	0	0	0	0	0	0	0	0	0	0	0	0	0	1.67807604879777	0	0	0	0	0	0	0.0769264917198094	0	0	0	0	0	0.0306823131926967	0	0	0	0	0	0	0	0	0.135783991254116	0	0	0	0	0	0	0	0	0	0	0	0	0	0	0	0	0	0	0	0	0	0.571413512439725	0	0	0	0	0	0
PABPC4	0	0	0	0	0	0	0.4780734905527	0	0	0	0	0	0	0	0	0.053876820741872	0	0	0.366403414127459	0	0.195485786496186	0	0.0917341099890524	0	0	0	0.376921256162547	0	0	0	0	0	0	0	0	0.314365021915147	0	0	0	0.117244150113599	0	0	0	0	0	0	0	0	0	0	0	0	0	6.48129320768985	0.0349340437792903	0.121084900620452	0	0.431576198516437	0	0	0	0	0	0.404751997913186	0	19.8485917754538	0	0	0	0	0	0	0	0	0.0730183768163046	0	0	0	0	0	0	1.16274026421123	0	0	0	0	0	0	0	0	0	0	2.2988784719475	0	0	0	0	0	0	0	0	-0.0999718277777646	-0.108976562985609	0	0	0	0	0	0	0.197687766152112	0	0.220142725955603	0	0.424397278784856	0
PABPN1	0	0	0	0	0	0	0	0	0	0	0	0	0	0	0	0	0	0	0	0	0	0	0	0	0	0	0	0	0	0	0	0	0	0	0	0	0	0	0	0	0	0	0	0	0	0	0	0	0	0	0	0	-0.10014601361751	0.0245791793811934	0	0	0.343856067437864	0	0	0	0	0	0	0	0	0	21.363867134583	0	0	0	0.0391916498691923	0	0	0	0	0	0	0	0	0	0	0	0	0	0	-0.0645483768303293	-0.135783991254116	0	0	0	0	0	0	0	0	0	0	0	0	0	0	-0.0589984349823634	-0.108976562985609	0	0	0	0	0	0	0	0	0	0	0	0
PCBP1	0	0	0	0	0	0	0	0	0	0	0	0	0	0	0	0	0	0	0	0	0	0	0	0	0	0	0.00908911639585665	0	0	0	0	0	0	0	0	0	0	0	0	0	0	0	0	0	0	0	0	0	0	0	0	0	0	0	0	0	0	0	0	0	0	0	0	0	0	0	0	13.084431398901	0	0	0	0	0	0	0	0	0	0	0	0	0	0	0	0	0	0	0	0	0	0	0	0	0	0	0	0	0	0	0	0	0	0	0	0	0	0	0	0	0	0	0	0	0	0	0
PCBP2	0	0	0	0	0	0	0	0	0	0	0	0	0	0	0	0	0	0	0	1.56908123279036	0	0	0	0	0	0	0	0	0	0	0	0	0	0	0	0	0	0	0	0	0	0	0	0	0	2.62494249664961	0	0	0	0.0473186537713156	0	0.247626189536081	0	0	0	0	0	0	0	0	0	0	0	0	0	0	0	0	6.8329558798221	0	0	0	0	0	0	0	0	0	0	0	0	0	0	0	0	0	0.0030896558950318	0	0	0	0	0	0	0	0	0	0	0	0	0	0	0.0589984349823634	0	0	0	0	0	0	0	0	0	0	0	0	0
PHF6	1.04740726143924	0.600417148956809	0	0	0	0	0	0	0	0	0	0	0	0.392728842568082	0	0	0	0	0	0	0	0	0.966716147728481	0	0	0	0	0	0	0	0.392728842568082	0	0	0	0	0	0	0	0	0.233416429190456	0	0	0	0	0	0	0	0	0	0	0	0	0	0	1.19372908250393	0	0	0	0	0	1.21436305136799	1.06446039351164	0	0.852283841118986	0	0	0	0	0	1.34821073977065	0	0	0	1.26612601842312	0	0	0	0	0	0	0	0	0	0	0	0	0.607383182319582	0	0	0	0	0.550690859712324	0	0	0	0	0	0	0	0	0	0	0	0	0.475362326634641	0	0	0	0	0	0	1.17095476176655	0	0	0
PPIG	-0.65901823644005	0	0	-0.103932146594447	0	0	0	-1.03126142240018	0	-0.242800494104277	0	0	0	0	0.513647074571328	-0.0581502971433013	0	0	0	0	0	0	-0.699063748674921	0	-0.544387542890709	0	0	0	0	0	0	0	0	0	0	0	0	0	0	0	-0.562835888666275	0	0	0	0	0	0	0	0	0	0	0	-2.07684322971005	0	-0.0288414293057591	0	0	0	0	0	-0.296164192752053	-0.332000715689102	0	-1.13057632756575	0	-0.0842210171748873	0	0	0	0	43.1747989269629	0	-0.455340381937017	-0.472921268342191	0	0	0	0	-0.652377482377815	-1.55272171460109	0	-0.0477848180644171	0	0	0	-0.88361180009105	-0.960856023040216	0	0	0	0	0	-0.0574356041359279	0	0	0	0	-0.28393523166748	0	0	0	-0.0999718277777646	-0.0122710292918911	0	0	0	0	0	-0.571413512439725	0	0	-0.231365293423913	0	-0.348324808382428	0
PRPF4	0	0	0	0	0	0	0	0	-0.156766789848683	0	0	0	2.62833589316013	0	0	0.0581502971433013	0	0	0	0	0	0	0	0	0.116692370502544	0	0	0	0	0.798611028380976	0	0	0	0	0	0	0	0	0	0	0	0	0	2.24583908173245	0	0	0	0	0	0	0	0	-0.200999911418994	0	0	0	0	0	0	0.262021857689283	0	0	0	0	0	0	0	0	0	0	0	19.2430771540299	0	0	0	0	0	0.45269381169252	0	0	0	0	0	0	0	0	0	0	0	0	0	0	0	0	0	0	0.0631258415603334	0	0	0	0	0	0	0	0	0	0	0	0.52036428082087	0	0	0	0	0	0
PRPF8	-1.31847235148705	0	0	-0.445737832641372	0	0	0	-0.0421811475257426	-2.95147973530303	-0.396815214238598	-0.00731016170287087	0	-0.279674137162981	0	-0.412535653830512	-0.0253677065970888	0	0	0	0	0	0	-0.838712416289347	0	-0.507732333879162	0	0	0	0	0	0	0	0	0	0	0	-0.0114591482518447	-2.3975103442577	-0.1220609196965	-0.117244150113599	-0.0335077285037528	0	-1.49871517618163	-0.355722857473732	0	0	0	0	0	0	0	0	-0.784491193838961	-0.237314795065174	-0.73957324683662	-0.786920025949955	0	0	0	0	-1.04145995698878	-0.94691815788374	0	-1.13057632756575	0	-0.392230678173764	0	0	0	0	-0.629031738858927	-0.637041404801667	11.4900475408258	-0.542523074714811	-0.0817251541610989	0	0	-0.0306823131926967	0	0	0	-0.92016069736242	0	0	0	-0.617595591033035	-0.942389173653146	0	0	0	0	0	-0.41114961356818	0	0	0	0	0	0	-0.266656789382252	0	-0.2249401604499	-0.108976562985609	-2.80198061769156	-0.390190127074495	0	0	0	-0.33161362179353	-0.197687766152112	0	-0.667290877108911	-1.88467679143948	-2.70094691205866	0
PTBP1	2.73181095472569	0.828776040696229	0	0	0	0	0	0.0421811475257426	0	0	0	0	0	0.205936373778301	0	0	0	0	0	0	0	0	5.18884203255899	0	0	0	0	0	0	0	0.205936373778301	0	0	0	0	0	0	0	0	0.0141245671094171	0	0	0	0	0	0	0	0.160357131309602	0	0	0	0	0	0	1.7832523478052	0	0	0	0	0	2.56563064762481	3.0342298224205	0	4.33461004728081	0	0	0	0	0	0.890708528592454	0	0	0	9.75279869072549	0	0	0	0	0	0	0	0	0	0	0	0	1.86721135358957	0	0	0	0	0.187359939619984	0	0	0	0	0	0	0	0	0	0	0	0	0.626096085673846	0	0	0	0	0	0	2.55238167189769	0	0	0
PUM1	0	0	0	0	0	0	0.226490552945372	0	0.403374232758235	0	0	0	0	0	0	0	0	0	0	0	0	0	0	0	0	0	0	0	0	0	0	0	0	0	0	0	0	0.209691587610807	0	0	0	0	0	0	0.753360985768354	0	0	0	0	0	0	0	-0.0297248909991249	0	0	0.188622391223994	0	0	0	0	0	0	0	0	0	0.297148876295688	0	0	0	0	0	0	0	0	14.5460104673871	0	0	0	0	0	0	0	0	0	0	0	-0.0729332811947153	0	0	0	0	0	0	0	0	0	0	0	0	0.18612051762792	0	0	0	0	0	0	0	0	0	0.197687766152112	0	0	0.0747384638814752	1.9852076611449	0
PUM2	0	0	0	0	0	0	0	0	0.156766789848683	0	0	0	0	0	0	0	0	0	0	0	0	0	0	0	0	0	0	0	0	0	0	0	0	0	0	0	0.227625921013561	0	0	0	0	0	0	0	0	0	0	0	0	0	0	0	0.200999911418994	0	0	0	0	0	0	0	0	0	0	0	0	0	0	0	0	0	0	0	0	0	0	7.69674641152875	0	0	0	0	0	0	0	0	0	0	0	0	0	0	0	0	0	0	0	0	0	0	0	0	0	0.0589984349823634	0	0	0	0	0	0	0	0	0	0	0	0	0
QKI	0.0596301525121257	0	0	0	0	0	0	0	0	0	0	0	0	0	0	0	0	0	0	0	0	0	0.055295090433157	0	0	0	0	0	0	0	0	0	0	0	0	0	0	0	0	0	0	0	0	0	0	0	0	0	0	0	0	0	0.539479852610722	0	0.146529230203987	0	0	0	0	0	0.0909255053119696	0.0431445480422051	0	0	0	0	0	0	0	0	0	0	0	0.0989181309048646	0	0	5.9196945996118	0	0	0	0	0	0	0	0	-0.0249160466901793	0	0	0	0	0	0	0	0	0	0	0	0	0	0	0	0.0589984349823634	0	0	0	0	0	0	0	0	0	0.104669242965235	0	0	0
RBFOX2	0	0	0	0	0	0	0	0	-0.125314158892856	0	0	0	1.13926959260855	0	0	0	0	0	0	0	0	0	0	0	0	0	0	0	0	0	0	0	0	0	0	0	0.446188801596876	0	0	0	0	0	0	0	0	0	0	0.044066304234921	0	0	0	0	-0.10014601361751	0	0	0	0	0	0	0	0	0	0	0	0	0	0	0	0	0	0	0.599243816527473	0	0	0	0	0	17.94371875116	0	0	0	0	0	0	0	0	0	0	0	0	0	0	0	0	0	0	0.0978779746367967	0	0	0	0	0.0999718277777646	0	0	0	0	0	0	0	0	0	0	0	0	0
RBM15	0	0	0	0	0	0	0	0.0601229181154695	0	0	0	0	0	0	0	1.6407648619908	0	0	0	0	0	0	0	0	0	0	0	0	0	0	0	0	0	0	0	0	0	0	0	0	0.267434931626101	0	0	0	0	0	0	0	0	0	0	0	0	0	0	0	0	0	0	0	0	0	0	0	0	0	0	0	0	0	-0.0666452727000795	0	0	0	0	0	0	0	22.4652065716449	0	0	0.0477848180644171	0	0	0	0	-0.084447430968947	0	0	0	0	0	0	0	0	0	0	0	0	0	0	0	0	0	0	0	0	0	0	0	0	0	0	0.521360066049031	0
RBM22	0	0	0	0	0	0	0	0.127254913020942	0	0.0272056149089823	0	0	0	0	0	0	0	0	0	0	0	0	-0.599214897552367	0	0	0	0	0	0	0	0	0	0	0	0	0	0	0	0	0	0.535731027570618	0	0	0	0	0	0	0	0	0	0	0	0.205932390777855	0	-0.146529230203987	0	0	0	0	0	0	0	0	-0.0664394125173524	0	0	0	0	0	0	-0.181230804543779	0	0	-0.0989181309048646	0	0	0	0	0	29.3553844723471	0	0	0	0	0	0	-0.0985696545479421	0	0	0	0	0	0	0.160564277108774	0	0	0	0.598281723739532	0.399313693596595	0	0	0.0999718277777646	0.0477037926168457	0	0	0	0	0	0	0	0	0	0	0	0
RBM5	0	0	0	0	0	0	0	0	0	0	0	0	0	0	0	0	0	0	0	0	0	0	0	0	0	0	0	0	0	0	0	0	0	0	0	0	0.0318884516882419	0	0	0	0	0	0	0	0	0	0	0	0	0	0	0	0.187975530492235	0	0	0	0	0	0	0	0	0	0	0	0	0	0	0	0	0	0	0	0	0	0	0	0	0	0	0	12.106686201247	0	0	0	0.608380596368539	0	0	0	0	0.206796090881481	0	0	0	0	0	0	0	0.148730098908806	0	0	0	0.0999718277777646	0.324998587621061	0	0	0	0	0	0.0551075492003348	0	0	0	0	0	0
RPS3	-0.0596301525121257	0	0	0	0	0	0	0	-0.156766789848683	0	0	0	0	0	0	0.0581502971433013	0	0	0	0	0	0	-0.055295090433157	0	0	0	0	0	0	0	0	0	0	0	0	0	0	0.189814872434104	0.1220609196965	0	0.0335077285037528	0	0	0	0	0	0	0	0	0	0	0	0	1.84675432062353	0	0	0	0	0	0	0	0	0	0	0	0.615297538722324	0	0	0	0	0	0	-0.00706998674424508	0	0	0	0	0	0	0	0	26.191717105037	0	0	0	0	0	2.4940062117025	0	0	0	0	0	0	0	0	0	0	0	0	0	0	-0.10715000010415	0	0	0	0	0	0	0.159451697437515	0	0	-0.00449356286198137	0	0
SDAD1	0.53024782928228	0	0	0	0	0	0	0	0.156766789848683	0	0	0	0	0	0	0	0	0	0	0	0	0	0.0294669203537918	0	0	0	0	0	0	0	0	0	0	0	0	0	0	0	0	0.117244150113599	0.0956504907294646	0	0	0	0	0	0	0.211169297302531	0	0	0	0	0	0	0.765272685494377	0	0	0	0	0	0.0632718774493893	0.585198710179029	0	0.378192221064203	0	0	0	0	0	0	0	0	0	0	0	0	0	0	0	0	0	0	5.90521441493556	0	0	0	0	0	0	0	0	0	0	0	0	0	0	0	0	0	0	0.0589984349823634	0	0	0.963502031192259	0	0	0	0	0	0	0.060671226599045	0	0	0
SERBP1	0.158635691996795	0	0	0	0	0	0	0	0	0	0	0	0	0	0	0	0	0	0	0	0	0	0.162442387880065	0	0	0	0	0	0	0	0	0	0	0	0	0	0	0	0	0	0	0	0	0	0	0	0	0	0.0158479359403714	0.138892056387968	0.253361840118239	0	0	0	0	0	0	0	0	0	0	0	0	0.0664394125173524	0.210158083027817	0	0	0	0	0	0	0	0	0	0.0357206013555773	0	0	0.0306823131926967	0	0	0	0	0	3.01685511412766	0	0	0.0985696545479421	0	0	0	0	0	0	0	0	0	0	0	0	0	0	0.0999718277777646	0	0	0	0	0	0	0.0551075492003348	0.140253113364728	0	0	0	0.0681229945516922	0
SF3A3	0	0	0	0	0	0	0	0	-0.125314158892856	0	0	0	0	0	0	0	0	0	0	0	0	0	0	0	0	0	0	0	0	0	0	0	0	0	0	0	0	0	0	0	0	0	0	0	0	0	0	0	0	0	0	0	-0.14157567677505	0	0	0	0	0	0	0	0	0	0	0	0	0	0	0	0	0	0	0	0	0	0	0	0	0.00231730362081458	0	0	0.431173909010829	0	0	0	28.5036229662467	0.88361180009105	0.29571241071159	0	0	0	0	0	0	0	0	0	0	0	0	0	0	-0.0589984349823634	0	0	0	0	0	0	0.75250339886199	0	0	0	0	0	0
SF3B4	-1.5025345271725	0	0	-0.103932146594447	0	0	0	-0.78417441822409	-2.27195620072997	0	-0.00731016170287087	0	0	0	0	0	0	0	0	0	0	0	-0.966716147728481	0	0.544387542890709	0	0	0	0	0	0	0	0	0	0	0	0	-0.0790081001193432	0	0	0	0	-1.36743488907617	0	0	0	0	-0.142852656159011	0	-0.00633110595699417	0	0	-1.4953101603386	-0.204465643719551	-1.17753474689347	-0.572662367297763	0	0	0	0	-0.710782314185938	-1.20416838528412	0	-2.02244251970155	0	-0.38597543503657	0	0	0	0	-0.381654553256589	0	0	-0.563114980363158	-0.0817251541610989	0	0	0	0	0	0	0	0	0	0	19.8475855670024	0	0	0	0	0	-0.230663478723883	-0.41114961356818	0	0	0	0	0	0	0	0	-0.0999718277777646	-0.10715000010415	-1.54799545135734	-0.784109423707363	0	0	0	0	-0.197687766152112	0	-0.621082040927011	-1.40945601566851	-0.664538335614907	0
SMNDC1	1.95183317412026	0.291852266001044	0	0	0	0	0	0	-0.348439244968705	0	0	0	0	0	0	0	0	0	0	0	0	0	2.35496033234759	0	0.507732333879162	0	0	0	0	0	0	0	0	0	0	0	0	0	0	0	0	0	0	0	0	0	0	0	0	0	0	0	0	0	1.00265720445314	0	0	0	0	0	1.79629629889521	1.80295782816695	0	2.74476746262518	0	0	0	0	0	0.254375399085289	0	0	0	1.4606214369342	0	0	0	0	0	0	0	0	0	0	0	0.88361180009105	24.5604194932411	0	0	0	0	0.205292539903413	0.295724090225369	0	0	0	0	0	0	0	0	-0.0999718277777646	-0.0463596031197396	-0.158956775369047	0	0	0	0	0.571413512439725	0	0	1.24572677315329	-0.337986386979971	-0.0607141685668657	0
SND1	0	0	0	0	0	0	0	0	-0.00502884663783358	0	0	0	0	0	0	0	0	0	0	0	0	0	0	0	-0.0966729804757532	0	0	0	0	0	0	0	0	0	0	0	0.0303974518871974	0	0	0	0	0	0	0	0	0	0	0	0	0	0	0	0	0	0	0	0	0	0	0	0	0	0	0	0	0	0	0	0	0	0	0	0	0	0	0	0	0	0	0	0	1.91871271529984	0	0	0	0	0	15.6001798345498	0	0	0	0	0	0	0	0	0	0	0	0	0	0	0	0	0	0	0	0	0	0	0	0	0	0	0
SRSF1	0	0	0	0	0	0	0	-0.0421811475257426	0.000388524980414997	0	0	0	0	0	0	0	0	0	0	0	0	0	0	0	0	0	0	0	0	0	0	0	0	0	0	0	0	0	0	0	0	0	0.0409698354858648	0	0	0	0	0	0	0	0	0	0	0	0	0	0	0	0	0	0	0	0	0	0	-0.031070638068381	0	0	0	0	0	0	0	0	0	0	0	0	0	0	0	0	0	0	0	0	0	0	23.5590159297748	0	0	0	0	0	0	0	0	0	0	0	0	0	0	0.618643433507536	0	0	0	0	0	0	0	0	0.711094566673422	0	0
SRSF7	0	0	0	0	0	0	0	0	0.484907974421386	0	0.00731016170287087	0	0	0	0	0	0	0	0	0	0	0	0	0	0	0	0	0	0	0	0	0	0	0	0	0	0	1.56632609341762	0	0	0	0	0	0	0	0	0	0	0	0	0	0	0.205932390777855	0	0	0.25664104157337	0	0	0	0	0	0	0	0	0	0.0260827578353977	0	0	0	0	0	0	0	0.0989181309048646	0.0217311169655244	0	0	0	0	0	0.411634950952051	0	0	0	0	0	0	0	0	4.72849992128042	0	0	0	0	0	0	0	0	0	0.869241341032995	0	0.0999718277777646	0.0463596031197396	1.2128021315915	0	0	0	0	0	0	0	0	0.216951031519762	0.42816619442945	0
SRSF9	0	0	0	0	0	0	0	0	0	0	0	0	0	0	0	0	0	0	0	0	0	0	0	0	0	0	0	0	0	0	0	0	0	0	0	0	0	0	0	0	0	0	0	0	0	0	0	0	0	0	0	0	0	0	0	0	0	0	0	0	0	0	0	0	0	0	0	0	0	0	0	0	0	0	0	0	0	0	0	0	0	0	0	0	0	0	0	0	0	0	0.962914685105732	0	0	0	0	0	0	0	0	0	0	0	0	0	0	0	0	0	0	0	0	0	0	0	0
SSB	0.86571323943507	0.522716638268563	0	0	0	0	0	0	0	0	0	0	0	0.365774571213482	0	0	0	0	0	0	0	0	0.838712416289347	0	0	0	0	0	0	0	0.365774571213482	0	0	0	0	0	0	0	0	0.226205927018073	0	0	0	0	0	0	0	0	0	0	0	0	0.0600234016436918	0	1.06020920334838	0	0	0	0	0	1.06925742826905	0.944963038177268	0	0.713213338540627	0	0	0	0	0	0.553865404358786	0	0	0	0.182476399425677	0	0	0	0	0	0	0	0	0	0	0	0	0.489285762997373	0	0	0	0	2.8654490223297	0.211419397410793	0	0	0	0	0	0	0	0	0	0	0	0.424690487429929	0	0	0	0	0	0	0.196685483816737	0	0	0
SUB1	1.31847235148705	0	0	0	0.0640812536510627	0	0	0	0.156766789848683	0	0	0	0	0	0	0.0581502971433013	0	0	0.542628594955568	0	0	0	0.699063748674921	0	0	0	0.00908911639585665	0	0	0	0	0	0	0	0	0	0	0	0	0.0141245671094171	0	0	0	0	0	0	0	0	0	0	0	0	0.200999911418994	2.32153900510965	1.03589485102004	0	0	0	0	0	1.7195202567251	0.820211601944737	0	1.47734672951622	0	2.86302514080648	0	0	0	0	0	0	0	0	0	0	0	0	0	0	0	0	0	0	0	0	0.582012594398936	0	0	0	0	0.187359939619984	10.0905741907921	0	0	0	0	0	0	0	0	0	0	0	0	0	0	0	0	0.197687766152112	0	0.276329224932546	0	0.0681229945516922	0
SUPV3L1	0.00654353973799552	0	0	0	0	0	0	0	0	0.262561095491129	0	0	0.0972235588755877	0	0	0	0	0	0	0	0	0	0	0	0	0	0	0	0	0	0	0	0	0	0	0	0.155005154611637	0	0	0	0	0	0	0.188261745289225	0	0	0	0.211169297302531	0	0	0	0	0	0	0	0	0	0	0	0.262021857689283	0	0	0	0	0	0	0	0	0	0	0	0.164234503952309	0	0	0	0	0	0	0	0.785645541665525	0	0	0	0	0	0	0	0	0	0	0	0	0	7.6320519875037	0	0	0.374982060610017	0	0	0	0	0.0999718277777646	0.10715000010415	0	0	0	0	0	0	0	0	0	0	0	0
TAF15	0.158635691996795	0	0	0	0	0	0	0	0	0	0.00731016170287087	0	0	0	0	0	0	0	0	0	0	0	0	0	0	0	0	0	0	0	0	0	0	0	0	0	1.25192768717404	0	0	0	0	0	0	0	0	0	0	0	0	0	0	0	0.0600234016436918	0	0	0	0	0	0	0	0	0	0	0	0	0	0	0	0	0	0	0	0	0	0	0	0	0	0	0	0	0	0	0	0	0	0	0	0	0	0	0	0	0	3.23570661516854	0	0	0.238882442395876	0	0	0	0.0999718277777646	0	0	0	0	0	0	0	0	0	0	0	0.0681229945516922	0
TARDBP	0	0	0	0	0	0	0	0	0	0	0.00731016170287087	0	0	0	0	0	0.248234630845446	0	0	0	0	0	0	0	0	0	0	0	0.401261096024945	0	0	0	0	0	0	0	0	0	0	0	0	0	0	0	0	0	0	0	0	0	0	0	0	0	0	0	0	0	0	0	0	0	0	0	0	0	0	0	0	0	0	0	0	0	0	0	0	0	0	0	0	0	0	0	0	0	0.135783991254116	0	0	0	0	0	0	0	0	2.15653156029917	0	0	0	0	0	0	0	0	0	0	0	0	0.0755807231657622	0	0	0	0	0	0
TBRG4	0	0	0	0	0	0	0	0	0	0	0	0	0.400699868778777	0	0	0	0	0	0	0	0	0	0	0	0	0	0	0	0	0	0	0	0	0	0	0	0.446188801596876	0	0	0	0	0	0	0.355722857473732	0	0	0	0.352252619712226	0	0	0	0	0	0	0	0	0	0	0	0.130325154751621	0	0	0	0	0	0	0	0	0	0	0	0.153977815934356	0	0	0	0	0	0.0306823131926967	0	0	0	0	0	0	0	0	0	0	0	0	0	0	0	0.077041378621859	0	0	0.429904820300818	0	0	0	0	0.0999718277777646	0	0	0	0	0	0	0	0	0	0	0	0	0
TIA1	0	0	0	0	0	0	0	0	0.00288369983540667	0	0.00731016170287087	0	0	0	0	0	0	0	0	0	0	0	0	0	0	0	0	0	0	0	0	0	0	0	0	0	0.334636640565123	0	0	0	0	0	0	0	0	0	0	0	0	0	0	0	0.750121532349002	0	0	0	0	0	0	0	0	0	0	0	0	0	0	0	0	0	0	0	0	0	0	0	0	0	0	0.885628385069719	0	0	0	0	0	0	0	0	0	0	0	0	0	0	0.114011150445626	0	0	21.2171019919206	3.90617194492	0	0	0.0999718277777646	0.108976562985609	0	0	0	0	0	0	0	0	0	0	0	0
TIAL1	0.0126082284247191	0	0	0	0	0	0	0	0.152747991859226	0	0	0	0	0	0	0	0	0	0	0	0	0	0	0	0	0	0	0	0	0	0	0	0	0	0	0	0	0	0	0	0	0	0	0	0	0	0	0	0	0	0	0	0.436326195632358	0	0	0	0	0	0	0	0	0	0	0	0	0	0	0	0	0	0	0.146579601153587	0	0	0	0	0	0	0	0.885628385069719	0	0	0	0	0	0	0	0	0	0	0	0	0	0	0	0	0	4.25866909343817	16.4630856975603	0	0	0.655846730662173	1.38451923776252	0	0	0	0	0	0	0	0	0	0	0	0
TRA2A	0	0	0	0	0	0	0	0	1.72280721050863	0	0	1.20225064087975	0	0	0	0	0	0	0	0	0	0	0	0	-0.544387542890709	0	0	0	0	0	0	0	0	0	0	0	0	1.48163731282211	0	0	0	0	0	0	0	0	0	0	0	0	0	0	-0.0297248909991249	0	0	0	0	0	0	0	0	0	0	0	0	0	0	0	0	0	0	0	0	0	0.0730183768163046	0	0	0	0	0	0	0	0	0	0	0	-0.0729332811947153	0	0	0.206796090881481	0	0	0	0	0	0	0	0	0	15.1453376165906	0	0	0	1.00824056095554	0	0	0	0	0	0	0	0	1.88467679143948	1.9852076611449	0
TROVE2	0	0	0	0	0	0	0	0	0	0	0	0	0	0	0	0	0	0	0	0	0	0	0	0	0	0	0	0	0	0	0	0	0	0	0	0	0	0	0	0	0	0	0	0	0	0	0	0	0	0	0	0	0	0	0	0	0	0	0	0	0	0	0	0	0	0	0	0	0	0	0	0	0	0	0	0	0	0	0	0	0	0	0	0	0	0	0	0	0	0	0	0	0	0	0	0	0	0	0	0	2.66636309725227	0	0	0	0	0	0	0	0	0	0	0	0	0.11471337072677	0
U2AF1	0	0	0	0	0	0	0	0	0.125314158892856	0	0	0	0.0976738214487119	0	0	0	0	0	0	0	0	0	0	0	0	0	0	0	0	0	0	0	0	0	0	0	0.644638041204596	0	0	0	0.0335077285037528	0	0	0	0	0	0	0	0	0	0	0	0.784491193838961	0	0	0	0	0	0	0	0	0	0	0	0	-0.0260827578353977	0	0	0	0	0	0	0	0	0	0	0	0.0160847312940308	0	0	0	0	0	0	0	0	-0.226656623570966	0	0	0	0	0	0	0	0	0	0	0	0.399313693596595	0	0	22.7503012497533	8.65383085955457	0	0	0	0	0	-0.0573960446031191	0	0	0	0	0	0
U2AF2	-0.0533839809303725	0	0	0	0	0	0	-0.749502617109418	0	-0.262561095491129	0	0	0	0	0	-0.049380537973739	0	0	0	0	0	0	0	0	-0.544387542890709	0	0	0	0	0	0	0	0	0	0	0	0	-0.209691587610807	0	0	0	0	0	0	0	0	0	0	0	0	0	0	0.639689400866836	-0.204465643719551	-0.134436585582419	0	0	0	0	0	-0.0905252855188071	-0.0279170567382204	0	-0.229924799860952	0	-0.514893293819629	0	0	0	0	0	0	0	0	0	0	0	0	0	0	0	-0.0477848180644171	0	0	0	0	-0.940417023467473	0	0	0	0	0	-0.295724090225369	0	0	0	0	0	0.399313693596595	0	0	6.27551946061169	38.9942013441918	0	0	0	0	0	-0.571413512439725	-0.0865832395749995	0	0	0	-0.521360066049031	0
UCHL5	-0.53024782928228	0	0	0	0	0	0	-0.233726453272942	2.14886712264578	0	0	0	0	0	0	0	0	0	0	0	0	0	-0.599214897552367	0	-1.67562036116203	0	0	0	0	0	0	0	0	0	0	0	0	0.239002020990936	0	0	0	0	1.67111215095468	0	0	0	0	0	0	0	0	0	-0.200999911418994	0	-0.146529230203987	0	0	0	0	0	-0.0909255053119696	-0.353190403971454	0	-1.0255208552275	0	0	0	0	0	0	0	0	-0.758251558202651	0	0	0	0	0	0	0	0	0	0	0	0	-0.88361180009105	-0.9620738778222	0	0	0.206796090881481	0	0	0	0	0	0	0	0	0	0.869241341032995	0	0	0	35.2051684517117	0	0	0	0	-0.468340183716584	0	0	-0.106654205049238	2.06300233744224	0.521360066049031	0
UTP18	2.17828853009957	0.390973754482954	0	0	0	0	0	0	0.156766789848683	0	0.00731016170287087	0	0	0.271010285290319	0	0	0	0	0	0	0	0	1.25657701906242	0	0	0	0	0	0	0	0.271010285290319	0	0.151149796773678	0	0	0	0	0	0	0.119796945628052	0	0	0	0	0	0	0	0.211169297302531	0	0	0	0	0.00658921258462195	0	2.81406798263149	0	0	0	0.116838467906788	0	0.824531154653597	2.38820533080428	0	1.77695129366409	0	0	0	0	0	0.413519310732967	0	0	0	0.786239047062198	0	0	0	0	0	0	0	0	0.598196878787031	0	0	0	0.285460291509779	0	0	0	0	0.334338038831534	0	0	0	0	0	0	0	0	0	0.0589984349823634	0	0	4.38907904032193	0.170996538718932	0	0	0	0	0	1.62001762574703	0	0	0
WDR43	0	0	0	0	0	0	0	0	0.0344692154504229	0	0.434506661172947	0	0	0	0	0	0	0	0	0	0	0	0	0	0	0	0	0	0	0	0	0	0.227982441121303	0	0	0	0	0.189814872434104	0	0	0	0	0	0	0	0	0	0	0	0	0	0	0.0600234016436918	0.0794270887261222	0	0	0	0	0.16594679672084	0	0	0	0	0	0	0	0	0	0	0	0	0	0	0	0	0	0	0	0	0	0	0	0	0	0	0	0	0	0	0	0	0	0	0	0	0	0	0	0	0	0	0.0999718277777646	0	0	0.424690487429929	3.5001493483534	0	0	0	0	0	0	0	0	0
XPO5	0	0	0	0	0	0	0	0	0	0	0	0	0	0	0	0	0	0	0	0	0	0.00693450444905338	0	0	0	0	0	0	0	0	0	0	0	0	0	0	0	0	0	0	0	0	0	0	0	0	0.0962868322475849	0	0	0	0	0	0	0	0	0	0	0	0	0	0	0	0.436233100845217	0	0	0	0	0	0	0	0	0	0	0	0	0	0	0	0	0	0	0	0	0	0	0	0	0	0	0	0	0	0	0	0	0	0	0	0	0	0	0	0	0	0	0	9.72199188211561	0	0	0	0	0	0	0	0
XRCC6	0.0149255579823916	0	0	0	0	0	0	0	0	0	0	0	0	0	0	0	0	0	0	0	0	0	0	0	0	0	0	0	0	0	0	0	0	0	0	0	0	0	0	0	0	0	0	0	0	0	0.0962868322475849	0.211169297302531	0	0	0	0	0	0	0.0832749863496643	0	0	0	0	0	0	0.000752057408256647	0	0	0	0	0	0	0	0	0	0	0	0	0	0	0	0	0	0	0	0	0	0	0	0	0	0	0	0	0	0	0	0	0	0	0	0	0	0	0	0	0	0	0.198989707405381	0	0	7.78673755750733	0	0	0	0.0250304727875717	0	0	0
XRN2	0	0	0	0	0	0	0	0	-0.216583375355233	0.262561095491129	0	0	0	0	0	0	0.248234630845446	0	0	0	0	0	0	0	0.544387542890709	0	0	0	0	0	0	0	0	0	0	0	0	0	0	0	0	0	0	0	0	0	0	0	0	0	0	0	-0.205932390777855	0	0	0	0.22416778444859	0	0	0	0	0	0	0	0.210158083027817	0	0	0	0	0	0	0.637041404801667	0	0	0	0	0	0	0	0	0	0	0	0	1.27490035769553	0.617595591033035	1.24677286806489	0	0	0	0	0	0	0	0	0	0	0	0	0	0	-0.0999718277777646	-0.10715000010415	-0.0392160326088649	0	0	0	0	18.3024615533236	0	0	0	0	0	0
YBX3	0	0	0	0	0	0	0	-0.0421811475257426	0	-0.3018653190293	0	0	0	0	0	0	0	0	0	0	0	0	0	0	-0.60797468110701	0	0	0	0	0	0	0	0	0	0	0	0	0	0	0	0	0	0	0	0	0	0	0	0.0158479359403714	0	0.365623644977781	0	0	0.189507675645545	0	0	0	0	0	0	0	0	0	0	0	0.049080466379113	0	0	0	0	0	0	-0.398914901009397	0	0	0	0	0	0	0	0	0	0	0	0	-0.88361180009105	-0.226656623570966	0	0	0	0	0	0.010638636114031	0	0	0	0	0	0	0	0	-0.0999718277777646	-0.218434648096302	0	0	0	0	0	0	26.1311255075643	0	0	0	0	0
ZC3H11A	0.100801299822407	0	0	0	0	0	0	0	0.00502884663783358	0	0	0	0	0	0	0	0	0	0	0	0	0	0.0917341099890524	0	0	0	0	0	0	0	0	0	0	0	0	0	0	0	0	0	0	0	0	0	0	0	0	0	0	0	0	0	0.0297248909991249	0.0637290669844711	0.146529230203987	0	0	0	0	0	0.0909255053119696	0.0913566953107205	0	0.015926970767851	0	0.0396411019805664	0	0	0	0	0	0	0	0.113238914898588	0	0	0	0	0	0	0	0	0	0	0	0	0	0	0	0	0	0	0.161955760517108	0	0	0	0	0	0	0	0	0	0	0	0	0	0	0	0	0	4.19695217957425	0.125500119965025	0	0	0
ZC3H8	5.59545450192522	0.23346325342457	0	0	0	0	0	0	0	0	0	0	0	0.205936373778301	0	0	0	0	0	0	0	0	4.65780279111059	0	0	0	0	0	0	0	0.205936373778301	0	0	0	0	0	0	0	0	0.0141245671094171	0	0	0	0	0	0	0	0.165380018895283	0	0	0	0	0.205932390777855	0	4.76927535673927	0	0	0	0	0	3.66361937807311	6.80536264704098	0	6.08078010975446	0	0.489976272508269	0	0	0	0.890708528592454	0	0	0	2.85923649059028	0	0	0	0	0	0	0	0	0	0	0	0	1.97324451200148	0	0	0	0	0.187359939619984	0.357153018754026	0	0	0	0	0	0	0	0	0	0	0	1.4482045838272	0	0	0	0	0	0	8.32888781808027	0	0	0
ZNF622	-0.274855397917003	0	0	0	0	0	0	-0.0601229181154695	2.27195620072997	0	0	0	0	0	0	0	0	0	0	0	0	0	-0.314983753760299	0	-0.544387542890709	0	0	0	0	0	0	0	0	0	0	0	0	0.189814872434104	0	0	0	0	0.525958923261195	0	0	0	0	0	0	0	0	0	0	0	-0.0372535352818239	0	0	0	0	0	0	-0.102825637185171	0	-0.739446095706712	0	0	0	0	0	0	0	-0.0155790181299727	-0.758251558202651	0	0	0	0	0	0	0	0	-0.0477848180644171	0	0	0	-0.88361180009105	-1.24677286806489	0	0	0	0	0	0	0	0	0	0	0	0	1.408402131793	0	0	0	1.96539274761292	0	0	0	0	-0.203211333533651	0	0	-0.00335657996896291	34.7278962025038	0.521360066049031	0
ZNF800	-0.0583419047198925	0	0	0	0	0	0	0	1.96778654319331	0	0.00731016170287087	0	0	0	0	0	0	0	0	0	0	0	0	0	-0.0346579700177231	0	0	0	0	0	0	0	0	0	0	0	0	0.787236348314345	0	0	0	0	0.125747418394114	0	0.194998101221978	0	0	0	0.206644358483991	0	0.843088249572207	0	0.200999911418994	0	0	0.572662367297763	0	0	0	0	0	-0.0131185527788777	0	0	0	0.0842210171748873	0	0	0	0	0	0	-0.492937427226847	0	1.65457083282146	0	0	0	0	0	0	0	0	0	0	0	-0.285460291509779	0	0	0	0	0	0	0	0	0	0	0	0	1.89531720286094	0	-0.0589984349823634	-0.108976562985609	0.607633584443504	0	0	0	0	0	0.0865832395749995	0	0	0.915394226480999	26.9976893333651	0
ZRANB2	0	0	0	0	0	0	0	0	0	0	0	0	0.336448785907174	0	0	0	0	0	0	0	0	0	0	0	0	0	0	0	0	0	0	0	0	0	0	0	0.376022707453153	0	0	0	0	0	0	0	0	0	0.138886157926732	0	0	0	0	0	0	0	0	0	0	0	0	0	0	0	0	0	0	0	0	0	0	0	0	0	0	0	0	0	0	0.0306823131926967	0	0	0	0	0	0	0	0	0.135783991254116	0	0	0	0	0	0	0	0	0	0	0	0	0	0	0.0999718277777646	0	0	0	0	0	0	0.0755807231657622	0	0	0	0	0	1.93224752052516
